3 0.714451621875 0.110277903125 0.3140959171875 0.0822823046875 0.2599374890625 0.8567839078124999 0.6602931937500001 0.8847795062499999 0.714451621875 0.110277903125
0 0.5117698546875 0.1319119578125 0.4742325703125 0.1573056578125 0.43666635 0.1671314671875 0.42682353749999996 0.1960183375 0.44581624375000006 0.2440440390625 0.47361902968749997 0.2459882 0.4816783171875 0.2745703234375 0.5025628656250001 0.2635780171875 0.531586084375 0.264050934375 0.5211653187499999 0.221294396875 0.5470688375 0.21843599062500002 0.5117698546875 0.1319119578125
3 0.95751235625 0.230006759375 0.739531821875 0.214764075 0.688838796875 0.939708121875 0.90681933125 0.9549508046874999 0.95751235625 0.230006759375
0 0.872087340625 0.3330021203125 0.907162259375 0.3588035984375 0.930704303125 0.34177077499999997 0.9488445453125 0.290115315625 0.9243491546874999 0.2728365640625 0.883771553125 0.2777820359375 0.872087340625 0.3330021203125
0 0.4048268765625 0.20693287656249998 0.39465168125 0.17664620625 0.37783275625 0.1614608328125 0.35564839843749996 0.1910412859375 0.367585609375 0.212111646875 0.35636360312500004 0.276703575 0.3774647859375 0.262613246875 0.3744318953125 0.3059855953125 0.3952585703125 0.263857509375 0.4218119953125 0.251705021875 0.4048268765625 0.20693287656249998
0 0.427711584375 0.13537355 0.40549086250000005 0.0855655375 0.3871554890625 0.0920663375 0.3913079203125 0.11259232968749999 0.3656210359375 0.112352715625 0.36223425625 0.1448042109375 0.3683942765625 0.1685837640625 0.3914236640625 0.17486389687499998 0.40192381250000003 0.200503528125 0.41825159687499996 0.19074916718749999 0.42052626406250004 0.1582199078125 0.427711584375 0.13537355
3 0.272465971875 0.18212155000000002 0.131221134375 0.17224475 0.08410312812500001 0.8460636359375 0.22534796406250002 0.8559404374999999 0.272465971875 0.18212155000000002
0 0.193670365625 0.2699967125 0.21005602343750002 0.2913781375 0.21632435781249998 0.3136086796875 0.23943313125 0.3027719078125 0.2365805125 0.2636577640625 0.24761481562499998 0.2177317546875 0.2180500109375 0.2250039 0.195482828125 0.2280956109375 0.1826286328125 0.2521021484375 0.193670365625 0.2699967125
1 0.841252440625 0.614144728125 0.8601798468749999 0.5672140703124999 0.875092071875 0.5137762984375 0.8957021125000001 0.47474623437499996 0.8661083703125 0.46645049375000003 0.8350271203125 0.495408815625 0.8248089109375 0.5616275203125001 0.841252440625 0.614144728125
1 0.797576646875 0.5675061890624999 0.8253289890625 0.6021351453125 0.8232056546875001 0.5366100203124999 0.8005301546875 0.54125074375 0.7696076671875 0.5359752609374999 0.73432354375 0.577092384375 0.7526374062500001 0.618844271875 0.797576646875 0.5675061890624999
1 0.8092178421874999 0.608791478125 0.827162959375 0.51198135625 0.833965453125 0.46264625312499996 0.8541132890625001 0.41424435156249995 0.866967484375 0.39023781562500004 0.8328459125000001 0.39874790937500004 0.7994899984375 0.46023549375000006 0.8029710124999999 0.5383082531250001 0.7944065015625 0.5968596625 0.8092178421874999 0.608791478125
1 0.521852365625 0.5311032171875001 0.510355853125 0.567657384375 0.5433653109375001 0.5590695234374999 0.59229821875 0.5624912453124999 0.6265570406250001 0.568000028125 0.6173856390625 0.5393401390625 0.568394859375 0.5047826343749999 0.521852365625 0.5311032171875001
6 0.4503456234375 0.70666704375 0.473808284375 0.7067511296875 0.48736282812500004 0.6407657203125 0.5064779296874999 0.575169146875 0.5197364609374999 0.5293986703125 0.5039502625 0.5314079640625 0.48369411093750003 0.58135888125 0.4503456234375 0.70666704375
1 0.500101278125 0.55448761875 0.4675465984375 0.50862674375 0.44785354374999997 0.502579909375 0.470861425 0.5571127296875 0.48404800156250005 0.5922797375 0.500101278125 0.55448761875
1 0.5346486890625 0.4759608984375 0.5244809218750001 0.50949480625 0.5637008406249999 0.49200170156249995 0.5986889515625 0.47109950781250004 0.6315900890624999 0.46406065625000004 0.6745581078125 0.48885749062499995 0.6754246484374999 0.4764653890625 0.645014809375 0.44787695312500003 0.6150961171875 0.44422824531250005 0.5346486890625 0.4759608984375
1 0.49043873437499996 0.500888 0.5088319796875 0.5255229828125 0.5246686203125 0.49082889218750003 0.518667365625 0.432815528125 0.49644664374999997 0.3830075140625 0.47368433125 0.3409445640625 0.44186636718749994 0.3324932859375 0.452612084375 0.370602784375 0.48386695468749996 0.43505180781249997 0.49043873437499996 0.500888
1 0.543191690625 0.46566217187500003 0.530134940625 0.380693471875 0.5035740890625 0.3290253765625 0.485072525 0.3059394078125 0.49752981875 0.3675173890625 0.5128612343750001 0.41995683125000005 0.5192163796875 0.4888910453125 0.543191690625 0.46566217187500003
1 0.134512596875 0.5086875390625 0.16264776718750001 0.5698052437500001 0.1750397546875 0.5364268640625001 0.1700712296875 0.4956081734375 0.158538353125 0.45277387343750003 0.1462183171875 0.4052147703125 0.1509049046875 0.3541751234375 0.1326778515625 0.35912690937499997 0.12357175312499999 0.42542338125 0.134512596875 0.5086875390625
6 0.8255389734374999 0.7749309656250001 0.8380971515625 0.7711393578125 0.8481276640625 0.7235865671874999 0.8388479484375001 0.6964756921874999 0.83821955 0.6575170781249999 0.8451303640625 0.606632965625 0.8288025796875 0.616387325 0.8250114671875 0.6706027625 0.8325581046874999 0.7224978390625 0.8255389734374999 0.7749309656250001
6 0.8060336171875001 0.7502182125 0.8215742421875 0.7357390515625 0.8210252265625 0.6796635359375001 0.8183603046875 0.6218834765625 0.8036862203125 0.6239705375 0.8139482234375001 0.7009608796875 0.8060336171875001 0.7502182125
6 0.1587557640625 0.6893902671875 0.1840093765625 0.695825934375 0.1853885703125 0.6601208796875 0.1848684890625 0.61961325625 0.1728734046875 0.5674071140625 0.1640343859375 0.5979207640624999 0.165449940625 0.6416041828125 0.1587557640625 0.6893902671875
4 0.9725929234375 0.7976557765625001 0.635620903125 0.774092396875 0.6244648500000001 0.933631390625 0.9614368703125 0.9571947703125 0.9725929234375 0.7976557765625001
4 0.646068396875 0.768593496875 0.29351903125 0.74394084375 0.281929490625 0.9096789859375001 0.6344788578125 0.9343316390625 0.646068396875 0.768593496875
4 0 0.902423475 0.3110789640625 0.9241762343750001 0.3263506484375 0.7057809640625 0 0.682960303125 0 0.902423475