3 0.7145897437500001 0.0962678578125 0.3132564109375 0.0962678578125 0.3132564109375 0.8726607140624999 0.7145897437500001 0.8726607140624999 0.7145897437500001 0.0962678578125
0 0.4849498328125 0.2624223609375 0.513935340625 0.263975153125 0.53400223125 0.2763975140625 0.544035675 0.24844720312500002 0.5719063531249999 0.24844720312500002 0.5942028968749999 0.20186335312499998 0.5863991078125 0.17236025 0.5496098109374999 0.1599378890625 0.513935340625 0.131987578125 0.47268673281250007 0.2158385109375 0.49832775937499996 0.2204968921875 0.4849498328125 0.2624223609375
3 0.2809487171875 0.19875 0.062435896874999994 0.19875 0.062435896874999994 0.9254642859375 0.2809487171875 0.9254642859375 0.2809487171875 0.19875
0 0.0668896328125 0.259316771875 0.081382384375 0.3121118 0.10367893125000001 0.3307453421875 0.14046822812499998 0.30745341718749997 0.1326644359375 0.251552796875 0.092530659375 0.243788821875 0.0668896328125 0.259316771875
0 0.6387959875 0.3152173921875 0.6387959875 0.2717391328125 0.6588628765625 0.2872670828125 0.6521739125 0.22204968906250003 0.6655518390624999 0.20186335312499998 0.6454849484375 0.170807453125 0.627647715625 0.1847826078125 0.615384615625 0.2142857140625 0.595317725 0.257763975 0.6209587515625 0.2717391328125 0.6387959875 0.3152173921875
0 0.618729096875 0.20807453593749997 0.6309921968750001 0.1832298140625 0.6544035671875 0.178571428125 0.662207359375 0.155279503125 0.66109253125 0.12267080781249999 0.6354515046875 0.1211180109375 0.641025640625 0.100931678125 0.6231884046875 0.093167703125 0.5975473796874999 0.141304346875 0.603121515625 0.16459627500000001 0.603121515625 0.1972049671875 0.618729096875 0.20807453593749997
3 0.8907435890625001 0.1987678578125 0.749153846875 0.1987678578125 0.749153846875 0.8742321421874999 0.8907435890625001 0.8742321421874999 0.8907435890625001 0.1987678578125
0 0.80044593125 0.2453416140625 0.7714604234375 0.236024846875 0.7792642125 0.282608696875 0.7736900765625 0.32142857187499996 0.7959866234375 0.3338509328125 0.8037904125 0.3121118 0.8216276484374999 0.29192546406250003 0.833890746875 0.274844721875 0.8227424750000001 0.25 0.80044593125 0.2453416140625
1 0.137123746875 0.4409937890625 0.10702341093750001 0.4472049671875 0.12486064687500001 0.4875776390625 0.1360089171875 0.5419254640625 0.1516165 0.5900621109374999 0.1716833890625 0.538819875 0.166109253125 0.4720496890625 0.137123746875 0.4409937890625
1 0.2285395765625 0.5170807468749999 0.197324415625 0.5201863359375001 0.175027871875 0.513975153125 0.1683389078125 0.579192546875 0.198439240625 0.54658385 0.23968784843750002 0.600931678125 0.2608695640625 0.5605590078125 0.2285395765625 0.5170807468749999
1 0.2040133765625 0.4394409921875 0.175027871875 0.375776396875 0.141583053125 0.36490683281249997 0.152731325 0.389751553125 0.1694537359375 0.4394409921875 0.172798215625 0.4891304359375 0.1839464875 0.586956521875 0.19955406874999998 0.5760869578125 0.1950947609375 0.5170807468749999 0.2040133765625 0.4394409921875
1 0.36900780312500003 0.5590062109375 0.403567446875 0.555900621875 0.45261984375 0.555900621875 0.4849498328125 0.5667701859375 0.47603121562500006 0.5295031078125 0.43143812812500004 0.5 0.3801560765625 0.5310558999999999 0.36900780312500003 0.5590062109375
6 0.47826086874999996 0.5279503109375 0.488294315625 0.5745341609375 0.50278706875 0.6413043468749999 0.5117056843750001 0.7080745359375 0.5351170562500001 0.7096273281250001 0.5105908593749999 0.5822981359375 0.4938684515625 0.5310558999999999 0.47826086874999996 0.5279503109375
1 0.5518394640625 0.5062111781249999 0.531772575 0.5108695640625001 0.49609810468750004 0.554347825 0.50947603125 0.593167703125 0.5250836125 0.5590062109375 0.5518394640625 0.5062111781249999
1 0.32664436874999997 0.46428571406249997 0.32664436874999997 0.476708075 0.37123745937499997 0.45496894218749995 0.403567446875 0.46428571406249997 0.43701226406250004 0.4875776390625 0.4749163875 0.507763975 0.467112596875 0.4736024859375 0.3890746921875 0.436335403125 0.358974359375 0.4378882 0.32664436874999997 0.46428571406249997
1 0.5696767 0.336956521875 0.5373467109375001 0.343167703125 0.5117056843750001 0.383540371875 0.48606465937500004 0.43167701718749996 0.47603121562500006 0.4891304359375 0.489409140625 0.524844721875 0.50947603125 0.501552796875 0.520624303125 0.436335403125 0.5562987749999999 0.374223603125 0.5696767 0.336956521875
1 0.5117056843750001 0.368012421875 0.5284280953125 0.30745341718749997 0.5083612046875 0.329192546875 0.47826086874999996 0.37888198906250004 0.45930880781249994 0.4627329171875 0.48160535156249995 0.4875776390625 0.4927536234375 0.41925465781250004 0.5117056843750001 0.368012421875
1 0.858416946875 0.37888198906250004 0.859531771875 0.43012422499999997 0.8439241921875 0.476708075 0.8294314390625 0.5186335390625 0.8216276484374999 0.5590062109375 0.8316610921875001 0.593167703125 0.8639910828125 0.5341614890625 0.8807134890625001 0.451863353125 0.8762541796875001 0.38509316718750003 0.858416946875 0.37888198906250004
6 0.163879596875 0.593167703125 0.1482720171875 0.5822981359375 0.1516165 0.633540371875 0.1482720171875 0.67236025 0.137123746875 0.6987577640625 0.1438127109375 0.7468944109375 0.1560758078125 0.751552796875 0.152731325 0.6987577640625 0.163879596875 0.647515528125 0.163879596875 0.593167703125
6 0.17391304375 0.5993788828125 0.1672240796875 0.656832296875 0.162764771875 0.7127329171875 0.177257525 0.7282608671874999 0.172798215625 0.6785714281249999 0.188405796875 0.602484471875 0.17391304375 0.5993788828125
6 0.8216276484374999 0.5900621109374999 0.8060200671875 0.6413043468749999 0.802675584375 0.6816770171875 0.8015607593749999 0.717391303125 0.8272017843749999 0.7127329171875 0.823857303125 0.664596275 0.8283166109375 0.6211180109375001 0.8216276484374999 0.5900621109374999
4 0.34558974375 0.7639642859375 0.0077948718750000005 0.7639642859375 0.0077948718750000005 0.9238928578125 0.34558974375 0.9238928578125 0.34558974375 0.7639642859375
4 0.6889615390625 0.7577499999999999 0.3355512828125 0.7577499999999999 0.3355512828125 0.9238928578125 0.6889615390625 0.9238928578125 0.6889615390625 0.7577499999999999
4 1 0.7173928578125001 0.6588717953125001 0.7173928578125001 0.6588717953125001 0.9363214281250001 1 0.9363214281250001 1 0.7173928578125001