3 0.1424845203125 0.8754002234374999 0.6705134890625 0.9308983046874999 0.7613412578125 0.0667298140625 0.23331228906249998 0.011231734375 0.1424845203125 0.8754002234374999
4 0.3803812703125 0 0.34594256875 0.3276623515625 0.6646779546875 0.361162790625 0.700707609375 0.018363525 0.525990340625 0 0.3803812703125 0
1 0.4714524 0.353676121875 0.52126471875 0.291578465625 0.55205398125 0.25794163281250004 0.539111584375 0.213295740625 0.4892135421875 0.2609558578125 0.4209590796875 0.3307341875 0.43381575625 0.3609425421875 0.4714524 0.353676121875
1 0.34243355000000003 0.36095690468749997 0.41220230625000004 0.368289896875 0.4142022140625 0.3492620515625 0.35327595624999997 0.31881089687499997 0.28775939687499996 0.28627410625 0.2547892015625 0.24914222656249999 0.247951396875 0.2836932859375 0.2848452609375 0.32925340937500003 0.34243355000000003 0.36095690468749997
1 0.596390496875 0.4004742171875 0.5478161515625 0.3745276328125 0.53004064375 0.3758656921875 0.5866289828125 0.41708310937500004 0.6241846875 0.4258398859375 0.6550596796875 0.406640596875 0.643707721875 0.392622096875 0.596390496875 0.4004742171875
1 0.7076577796875 0.54683516875 0.6483219625000001 0.5470113999999999 0.5929050250000001 0.5251551421875 0.5710344078125 0.4891898765625 0.5537540859375001 0.455310240625 0.548501940625 0.490027959375 0.6046760234375 0.5504398765625 0.6412317796875 0.5687105734375 0.699648575 0.562025065625 0.7076577796875 0.54683516875
1 0.613542459375 0.679625384375 0.661935784375 0.6157754140625 0.628556125 0.6282987734375001 0.5737344640625001 0.6770445671875 0.5073084609375 0.6989199734375 0.48143324062500004 0.6705496546874999 0.47726676875 0.7101909953125001 0.521498409375 0.7164430984375 0.613542459375 0.679625384375
1 0.52198880625 0.65076466875 0.49218992031250003 0.6139661078125 0.47567154062499994 0.6491028640625001 0.5085560078125 0.6717972046875 0.5723154703125 0.6752922531250001 0.6107854046875001 0.6600975671875 0.5772343015625 0.6437458421875 0.53784534375 0.6524312578125 0.52198880625 0.65076466875
1 0.504242028125 0.8348671359375001 0.521522346875 0.8687467718749999 0.5190080984375001 0.8011493703125 0.4938804515625 0.75041324375 0.4665862359375 0.7202906171875 0.47911438124999994 0.784131009375 0.504242028125 0.8348671359375001
0 0.3831370859375 0.7515990078125 0.41459777343750004 0.7420802984375 0.426611578125 0.7192954515625 0.4207641515625 0.6834111203125001 0.41299775624999996 0.6505314375 0.3820370453125 0.6552931859375 0.37869429062500004 0.6260847843749999 0.3577474765625 0.6270895265624999 0.3302961765625 0.659474021875 0.2827265734375 0.6544742546875 0.29166436875 0.7067150953125 0.2987641296875 0.74593739375 0.344333828125 0.769965003125 0.365699684375 0.7802264984375 0.3894844875 0.78272638125 0.3831370859375 0.7515990078125
1 0.45264388125000005 0.6851586453125 0.4493011296875 0.65595024375 0.41525961875000006 0.7052769515625 0.3404911 0.7455135625 0.26454639062499996 0.7359282875 0.27080806874999996 0.7526181140625 0.330896240625 0.76053680625 0.40892179687499997 0.7350710515625 0.45264388125000005 0.6851586453125
1 0.43588269375 0.7683649859374999 0.4620768671875 0.702181790625 0.4521439046875 0.6899156015625 0.42260697968749994 0.7268904015625 0.366866296875 0.7691269234375 0.3083685625 0.7918356234374999 0.252875478125 0.8164632953125001 0.3640330953125 0.79608303125 0.43588269375 0.7683649859374999
6 0.4843234359375 0.475266678125 0.4836472265625 0.4206878234375 0.41415000625 0.5480496578125 0.43326357031249996 0.5644871031250001 0.4843234359375 0.475266678125
1 0.3608282703125 0.58252456875 0.34272423750000003 0.6174946718750001 0.391460453125 0.6113948640625 0.4402776078125 0.5892718593749999 0.4239115203125 0.5314407609375 0.3962078421875 0.55097336875 0.3608282703125 0.58252456875
0 0.255784825 0.7430232593749999 0.283993271875 0.749194428125 0.312535034375 0.7521942875 0.32019655468749997 0.6487934875 0.29874498125 0.62409445625 0.26427964375 0.63169419375 0.24074722343750002 0.6420461984375 0.21704814374999998 0.6539838515625 0.21196265312499998 0.6871159171875 0.21739103593750003 0.711734015625 0.23683791875 0.7250001562499999 0.255784825 0.7430232593749999
6 0.5242837312499999 0.3848796375 0.5333738218749999 0.34415262343749997 0.5094175734374999 0.31277766093750003 0.4885612703125 0.358680675 0.48632334374999997 0.45623883750000005 0.46689082343750005 0.534354896875 0.45614371875000004 0.6518599203125001 0.48418550781249997 0.6596167390625001 0.490518546875 0.59936190625 0.5074416046875 0.48410917343750004 0.5242837312499999 0.3848796375
6 0.5675058390625 0.33972419375 0.5566490734375 0.2904879984375 0.528445415625 0.3147775671875 0.5371308296875 0.3541665203125 0.539473628125 0.3928888421875 0.5363928328124999 0.4374538 0.5585919828125 0.43978702500000005 0.5629251156249999 0.39856003125 0.5675058390625 0.33972419375