3 0.7868599609375 0 0 0.11058595468750002 0 0.1172581734375 0.11924719531250001 0.9657460499999999 1 0.8419643140625 1 0.6738892171875001 0.905291046875 0 0.7868599609375 0
1 0.5665402125 0.3507325140625 0.56318664375 0.3268706328125 0.520222353125 0.30857567656249996 0.445925909375 0.3068507625 0.3931116125 0.314273328125 0.369219640625 0.335881021875 0.3585312421875 0.3556330734375 0.3519294546875 0.35656089375 0.3190258703125 0.40985158125 0.30508925468750003 0.4543933359375 0.3167213953125 0.4892583359375 0.3307633609375 0.493368165625 0.34312854375 0.485547053125 0.4229776796875 0.38307551093750003 0.43534286250000004 0.37525439843749997 0.43450447031249995 0.36928892812499997 0.5260910984375 0.35033396875 0.54097145625 0.3604092671875 0.5691607390625 0.417280509375 0.5823643125 0.4154248671875 0.5739803921875 0.3557701640625 0.5665402125 0.3507325140625
1 0.37885894531250003 0.21286033437500002 0.362301803125 0.19085409375 0.339981265625 0.1757411453125 0.2970169734375 0.1574461875 0.2763732203125 0.15426417812499998 0.236762496875 0.15983110312499998 0.237600890625 0.1657965734375 0.2442026765625 0.164868753125 0.2590830359375 0.17494405156249998 0.28632857500000003 0.1771982390625 0.3152509 0.1913833671875 0.3756107265625 0.237650034375 0.384727690625 0.254618625 0.3789642953125 0.261511915625 0.3806410796875 0.2734428578125 0.394683046875 0.27755268593750004 0.40861966406250005 0.23301093125 0.37885894531250003 0.21286033437500002
1 0.17242141093750002 0.1810402515625 0.150100871875 0.1659273015625 0.1064035390625 0.1903184578125 0.04709280625 0.24732042656250003 0.031479404687500004 0.27993124062499997 0.037348150000000004 0.3216895328125 0.0315847546875 0.328582821875 0.0473035046875 0.3446235921875 0.06291690625 0.31201277968749996 0.081883875 0.303263846875 0.099174059375 0.2825839734375 0.1032606703125 0.2637597421875 0.1320776453125 0.2292932875 0.1386794328125 0.2283654671875 0.1436044359375 0.21550670468750002 0.150206221875 0.214578884375 0.1493678296875 0.208613415625 0.2169571359375 0.16261456406250002 0.21611874375 0.1566490953125 0.20291516875 0.1585047375 0.1913883796875 0.17229131875 0.17242141093750002 0.1810402515625
1 0.66766079375 0.1601052828125 0.6081393609375 0.1198040859375 0.5800554265625 0.111584428125 0.5404447046875 0.1171513515625 0.5330045265625001 0.11211370312499999 0.52724113125 0.11900699374999998 0.50743576875 0.12179045468750001 0.45797504218749996 0.1530749015625 0.40610448750000006 0.2151145203125 0.40861966406250005 0.23301093125 0.40369466093749995 0.24586969375 0.41029644843749996 0.2449418734375 0.420146453125 0.21922435 0.43251163437500006 0.21140323749999998 0.4316732421875 0.20543776875000003 0.454726821875 0.1778646046875 0.48522058125 0.155329090625 0.5182295171875 0.1506899859375 0.5239929109375 0.1437966953125 0.5504000609374999 0.1400854125 0.5850857796875 0.14737725156249998 0.65204739375 0.192716096875 0.660325965625 0.20371921718750002 0.666927753125 0.2027913953125 0.66525096875 0.19086045625 0.6578107890625 0.18582280625 0.66766079375 0.1601052828125
1 0.8055652828125 0.1833071609375 0.7981251031250001 0.17826951093750001 0.7544277687500001 0.20266066718750003 0.731374190625 0.23023383125 0.738081328125 0.27795759375 0.757153646875 0.3178602453125 0.7736054390625 0.29121490156249996 0.8031554562500001 0.21406233437500002 0.8055652828125 0.1833071609375
1 0.7422732890625 0.3077849453125 0.73640454375 0.266026653125 0.7289643640625 0.26098900468749997 0.724772403125 0.2311616515625 0.7173322234375 0.22612400312499997 0.705700084375 0.1912590015625 0.689142940625 0.16925276250000001 0.67426258125 0.1591774625 0.66766079375 0.1601052828125 0.6561340046875 0.173891865625 0.6611643578125 0.20968468750000002 0.6686045375 0.21472233593749998 0.6645179265625 0.23354656875000002 0.67216880625 0.3358873828125 0.6796089859375 0.34092503281250003 0.6821241625 0.35882144375 0.702767915625 0.362003453125 0.7208964921875001 0.34728905 0.753905428125 0.342649946875 0.7439500734375 0.3197158859375 0.7497134671875 0.3128225953125 0.7422732890625 0.3077849453125
1 0.9538465281249999 0.4240494328125 0.9447295625000001 0.40708084375000003 0.9009268796875001 0.382820415625 0.77454918125 0.3458319546875 0.7019295234375 0.3560379828125 0.6392652203125 0.38917807031249996 0.5791160953125 0.4402145703125 0.587394665625 0.4512176890625 0.6236518203125 0.4217888828125 0.7020348734375 0.4046895640625 0.709475053125 0.4097272140625 0.7382920281249999 0.3752607609375 0.7845045374999999 0.368766015625 0.8464357984375 0.378312040625 0.9538465281249999 0.4240494328125
1 0.7847152390625001 0.46606918124999996 0.7698348796875 0.45599388125000007 0.71450540625 0.44552003593749995 0.681496471875 0.45015913906250005 0.6435625328125 0.4676570046875 0.6386375296875 0.480515765625 0.62543395625 0.4823714078125 0.620508953125 0.4952301671875 0.6271107406249999 0.49430234687499996 0.6262723484375 0.488336878125 0.7376643359374999 0.46659845625 0.745104515625 0.47163610624999996 0.758308090625 0.46978046406249996 0.7863920234374999 0.47800012187499996 0.7847152390625001 0.46606918124999996
6 0.594834846875 0.45625533906250004 0.5584723421875 0.4370325609375 0.5452687671875001 0.43888820156249997 0.5164517921875 0.47335465625 0.533008934375 0.495360896875 0.5422312484375 0.5609810703125 0.5332196359375 0.5926640625 0.537411596875 0.6224914140625 0.525046415625 0.630312525 0.5243133734375001 0.6729986390625 0.518549978125 0.6798919296875 0.52358033125 0.7156847515625 0.51037675625 0.71754039375 0.505451753125 0.730399153125 0.522008896875 0.7524053937499999 0.5689544484375 0.7032245359375 0.5854062421874999 0.6765791921875 0.59682768125 0.6141410281249999 0.604057159375 0.5218755109375001 0.594834846875 0.45625533906250004
1 0.5741910921875 0.45307332968749997 0.5708375234374999 0.42921144843750003 0.5567955578125 0.42510161875 0.5395053734374999 0.44578149375000004 0.5329035859375 0.4467093140625 0.5156134 0.46738918749999997 0.517290184375 0.4793201265625 0.54128750625 0.506364015625 0.55449108125 0.504508375 0.585090190625 0.5306244437500001 0.5991321562499999 0.534734271875 0.5957785875 0.5108723921875 0.6015419828125 0.5039791 0.594834846875 0.45625533906250004 0.581631271875 0.45811097968750003 0.5741910921875 0.45307332968749997
1 0.5429642921875 0.5182949578125 0.5280839328125 0.5082196578125 0.508278571875 0.5110031187499999 0.49675178124999997 0.5247897015625 0.4901499953125 0.5257175234375 0.455569625 0.5670772687500001 0.4441481859375 0.629515434375 0.457351759375 0.6276597921875 0.46720176406249997 0.60194226875 0.4902553453125 0.5743691046875 0.527350890625 0.5509057703125 0.544641075 0.530225896875 0.5495660796874999 0.5173671375 0.5429642921875 0.5182949578125
1 0.370690134375 0.633755990625 0.3558097765625 0.6236806921875 0.208788325 0.583510221875 0.1675008171875 0.5771462046875 0.14769545625 0.5799296671875 0.155974028125 0.5909327875 0.1625758140625 0.5900049671875001 0.1774561734375 0.600080265625 0.2336240390625 0.6165195828125001 0.3170374453125 0.635213084375 0.3781303140625 0.638793640625 0.377291921875 0.6328281703124999 0.370690134375 0.633755990625
1 0.401916934375 0.5685343625 0.39279997187500004 0.5515657734375 0.3787580046875 0.54745594375 0.35895264375 0.55023940625 0.3276204921875 0.5668094499999999 0.328458884375 0.5727749203125 0.380540140625 0.6080384671875 0.4003455015625 0.6052550046875 0.401916934375 0.5685343625
6 0.7086366609375 0.40376174374999996 0.6954330875 0.405617384375 0.68558308125 0.43133490781250006 0.6880982578125 0.44923131875 0.700463440625 0.44141020781250007 0.7103134453125 0.4156926859375 0.7086366609375 0.40376174374999996
6 0.6980536140625 0.47216537968749994 0.665044678125 0.47680448281250004 0.601858034375 0.64993385 0.6011249921874999 0.6926199625 0.6077267796875 0.6916921406250001 0.636438403125 0.608574103125 0.675105384375 0.5483901265625 0.69889200625 0.47813085 0.6980536140625 0.47216537968749994
4 0.660935775 0.6073212109374999 0.3190292203125 0.6553730421874999 0.357511421875 0.9291881296875 0.699417975 0.8811362984375 0.660935775 0.6073212109374999
6 0.5110044484375 0.626202696875 0.5076508796875 0.6023408156250001 0.4919321296875 0.586300046875 0.4861687328125 0.5931933359375 0.4895223015625 0.61705521875 0.5060794468750001 0.6390614578125 0.5184446281249999 0.6312403468750001 0.5110044484375 0.626202696875
6 0.4603892765625 0.5055669234375 0.4412116078125 0.417012690625 0.433771428125 0.41197504062499996 0.430417859375 0.388113159375 0.40076249218750004 0.41661414375000005 0.40579284531250004 0.452406965625 0.4513776640625 0.537249915625 0.459656234375 0.5482530375 0.466258021875 0.547325215625 0.4720214171875 0.540431925 0.46782945781249996 0.5106045734375 0.4603892765625 0.5055669234375