3 0.9418666671875 0.04478915625 0.0290666671875 0.04478915625 0.0290666671875 0.9082228921875 0.9418666671875 0.9082228921875 0.9418666671875 0.04478915625
1 0.42000000000000004 0.42771084375 0.44000000000000006 0.3674698796875 0.4533333328125 0.35542168749999997 0.5466666671875 0.3614457828125 0.5466666671875 0.3674698796875 0.5599999999999999 0.3734939765625 0.6533333328125 0.46385542187500006 0.6666666671875 0.46987951875 0.6799999999999999 0.46385542187500006 0.6866666671874999 0.42771084375 0.6666666671875 0.38554216874999997 0.6266666671875 0.337349396875 0.62 0.337349396875 0.6066666671875 0.31927710781249996 0.58 0.30120481875 0.5266666671875 0.30120481875 0.4533333328125 0.31325301250000004 0.41333333281250006 0.337349396875 0.41333333281250006 0.3614457828125 0.4066666671875 0.3674698796875 0.4066666671875 0.42771084375 0.42000000000000004 0.42771084375
1 0.5866666671874999 0.25903614531249997 0.5866666671874999 0.24698795156250003 0.58 0.2409638546875 0.5866666671874999 0.22289156562499998 0.64 0.1686746984375 0.6666666671875 0.150602409375 0.6933333328125 0.1445783125 0.7066666671874999 0.1325301203125 0.7133333328125 0.1325301203125 0.7133333328125 0.1265060234375 0.6733333328125 0.1265060234375 0.6533333328125 0.1325301203125 0.6133333328125 0.15662650625000002 0.5933333328125 0.17469879531250002 0.58 0.19879518125 0.5533333328125 0.22289156562499998 0.5733333328125 0.265060240625 0.5866666671874999 0.25903614531249997
1 0.7333333328125 0.120481928125 0.7333333328125 0.1265060234375 0.8066666671875 0.162650603125 0.8066666671875 0.1686746984375 0.8133333328125 0.1686746984375 0.82 0.18072289218749998 0.8266666671875 0.18072289218749998 0.86 0.2108433734375 0.8666666671875 0.2289156625 0.8866666671875001 0.24698795156250003 0.9066666671875 0.25301204843749997 0.9266666671875001 0.28313252968749997 0.9400000000000001 0.265060240625 0.9333333328125001 0.25903614531249997 0.9333333328125001 0.21686747031250003 0.9133333328125 0.18674698750000002 0.8466666671875 0.1385542171875 0.8 0.120481928125 0.78 0.1385542171875 0.76 0.1325301203125 0.7466666671875 0.120481928125 0.7333333328125 0.120481928125
1 0.29333333281249996 0.2289156625 0.3 0.2289156625 0.3066666671875 0.21686747031250003 0.36666666718749996 0.162650603125 0.4 0.150602409375 0.4266666671875 0.150602409375 0.43333333281249997 0.15662650625000002 0.46666666718750005 0.15662650625000002 0.5 0.17469879531250002 0.5266666671875 0.19879518125 0.5266666671875 0.2048192765625 0.54 0.2108433734375 0.5533333328125 0.234939759375 0.5599999999999999 0.234939759375 0.5533333328125 0.22289156562499998 0.5533333328125 0.2048192765625 0.4933333328125 0.150602409375 0.44000000000000006 0.1265060234375 0.42000000000000004 0.1265060234375 0.41333333281250006 0.120481928125 0.4066666671875 0.1265060234375 0.36666666718749996 0.1265060234375 0.33999999999999997 0.1385542171875 0.2866666671875 0.18674698750000002 0.3 0.2108433734375 0.29333333281249996 0.21686747031250003 0.29333333281249996 0.2289156625
1 0.22000000000000003 0.35542168749999997 0.23333333281250002 0.31325301250000004 0.23333333281250002 0.265060240625 0.2066666671875 0.2409638546875 0.16 0.22289156562499998 0.1533333328125 0.2289156625 0.16 0.25903614531249997 0.2 0.3313253015625 0.22000000000000003 0.35542168749999997
1 0.2266666671875 0.37951807187500003 0.26 0.37951807187500003 0.27999999999999997 0.39156626562499997 0.3 0.38554216874999997 0.3 0.3674698796875 0.3066666671875 0.3614457828125 0.3 0.25903614531249997 0.29333333281249996 0.2409638546875 0.3 0.234939759375 0.3 0.19879518125 0.2866666671875 0.18674698750000002 0.27999999999999997 0.18674698750000002 0.2666666671875 0.19879518125 0.2533333328125 0.22289156562499998 0.24666666718750002 0.25903614531249997 0.24 0.265060240625 0.24 0.2951807234375 0.23333333281250002 0.30120481875 0.23333333281250002 0.34337349375000004 0.2266666671875 0.34939759062500003 0.23333333281250002 0.35542168749999997 0.2266666671875 0.37951807187500003
1 0.24666666718750002 0.4096385546875 0.27999999999999997 0.4397590359375 0.2866666671875 0.43373493906249994 0.36666666718749996 0.4397590359375 0.4066666671875 0.46385542187500006 0.41333333281250006 0.45180722968750003 0.3466666671875 0.4096385546875 0.27999999999999997 0.38554216874999997 0.2066666671875 0.38554216874999997 0.0866666671875 0.4397590359375 0.0466666671875 0.46987951875 0.04 0.48795180781249997 0.13999999999999999 0.42771084375 0.2 0.4096385546875 0.24666666718750002 0.4096385546875
1 0.2533333328125 0.5060240968749999 0.26 0.5 0.37333333281250003 0.5060240968749999 0.37333333281250003 0.5120481921875 0.38 0.5120481921875 0.37333333281250003 0.5 0.36 0.5 0.3533333328125 0.48795180781249997 0.3133333328125 0.4759036140625 0.27999999999999997 0.4759036140625 0.2266666671875 0.49397590312500006 0.2133333328125 0.5060240968749999 0.2133333328125 0.5180722890625 0.24 0.5060240968749999 0.2533333328125 0.5060240968749999
6 0.44000000000000006 0.6867469875000001 0.45999999999999996 0.7108433734374999 0.5133333328125 0.7530120484375 0.5266666671875 0.7289156625000001 0.52 0.7168674703125 0.5066666671875 0.7168674703125 0.5066666671875 0.6807228921874999 0.5 0.6746987953125 0.4933333328125 0.6325301203125 0.48 0.6265060234375001 0.48 0.5963855421875001 0.46666666718750005 0.5662650609375001 0.46666666718750005 0.5 0.48 0.4759036140625 0.44666666718750003 0.4457831328125 0.43333333281249997 0.4457831328125 0.4 0.46987951875 0.4 0.5361445781249999 0.42000000000000004 0.6265060234375001 0.44000000000000006 0.6867469875000001
1 0.4 0.5180722890625 0.4066666671875 0.5240963859375001 0.4066666671875 0.5481927703125 0.42000000000000004 0.542168675 0.44666666718750003 0.5120481921875 0.45999999999999996 0.5120481921875 0.48 0.48192771093750003 0.48 0.46987951875 0.45999999999999996 0.45180722968750003 0.4533333328125 0.45180722968750003 0.43333333281249997 0.43373493906249994 0.42000000000000004 0.4397590359375 0.42000000000000004 0.46385542187500006 0.41333333281250006 0.46987951875 0.4 0.46987951875 0.4 0.5180722890625
1 0.48 0.5542168671875001 0.52 0.57228915625 0.5466666671875 0.5963855421875001 0.5599999999999999 0.620481928125 0.5733333328125 0.620481928125 0.5533333328125 0.5602409640625 0.5133333328125 0.5240963859375001 0.5066666671875 0.5240963859375001 0.4933333328125 0.5120481921875 0.4733333328125 0.5120481921875 0.45999999999999996 0.5240963859375001 0.4533333328125 0.5240963859375001 0.45999999999999996 0.5361445781249999 0.48 0.5542168671875001
1 0.7 0.6084337343749999 0.78 0.5783132531249999 0.8333333328125001 0.5542168671875001 0.8466666671875 0.542168675 0.8533333328125 0.542168675 0.86 0.53012048125 0.8400000000000001 0.53012048125 0.8 0.542168675 0.6599999999999999 0.6024096390625 0.6466666671875 0.61445783125 0.64 0.61445783125 0.64 0.620481928125 0.7 0.6084337343749999
1 0.6799999999999999 0.5481927703125 0.6799999999999999 0.542168675 0.6466666671875 0.53012048125 0.6266666671875 0.53012048125 0.6133333328125 0.5361445781249999 0.6066666671875 0.5542168671875001 0.6133333328125 0.5903614453125 0.6333333328124999 0.5903614453125 0.6799999999999999 0.5481927703125
6 0.3066666671875 0.4759036140625 0.3066666671875 0.457831325 0.29333333281249996 0.43373493906249994 0.27999999999999997 0.43373493906249994 0.27999999999999997 0.4457831328125 0.29333333281249996 0.46987951875 0.3066666671875 0.4759036140625
6 0.38 0.6265060234375001 0.42000000000000004 0.7048192765625 0.4266666671875 0.7048192765625 0.42000000000000004 0.662650603125 0.3333333328125 0.5 0.3 0.5 0.3 0.5060240968749999 0.3333333328125 0.57228915625 0.38 0.6265060234375001
4 0.7008333328125 0.6286746984375 0.3555666671875 0.6286746984375 0.3555666671875 0.9051807234375 0.7008333328125 0.9051807234375 0.7008333328125 0.6286746984375
6 0.5266666671875 0.61445783125 0.5266666671875 0.5903614453125 0.52 0.58433735 0.5066666671875 0.6024096390625 0.5066666671875 0.6265060234375001 0.5 0.6325301203125 0.5133333328125 0.6385542171874999 0.5266666671875 0.61445783125
6 0.54 0.542168675 0.5466666671875 0.542168675 0.5533333328125 0.53012048125 0.5866666671874999 0.4397590359375 0.5866666671874999 0.40361445781249994 0.5533333328125 0.37951807187500003 0.5533333328125 0.40361445781249994 0.5466666671875 0.4096385546875 0.54 0.5 0.5333333328125 0.5060240968749999 0.5333333328125 0.5361445781249999 0.54 0.542168675