3 0.8123100000000001 0.00922 0.26461 0.00922 0.26461 0.99846 0.8123100000000001 0.99846 0.8123100000000001 0.00922
0 0.3907692296875 0.033846154687500005 0.38769230781249997 0.11538461562499999 0.43076922968750003 0.13999999999999999 0.504615384375 0.1476923078125 0.5230769234375 0.05846153750000001 0.4784615375 0.0138461546875 0.3907692296875 0.033846154687500005
0 0.54 0.015384615625 0.4969230765625 0.024615384375 0.4969230765625 0.0415384625 0.5138461546875 0.1461538453125 0.5661538453125 0.1323076921875 0.5892307703124999 0.06769230781249999 0.5738461546875 0.04 0.54 0.015384615625
0 0.5415384624999999 0.0138461546875 0.6092307703125 0.11846153749999999 0.6292307703125 0.0476923078125 0.6123076921874999 0.0138461546875 0.5630769234375 0.0015384625000000002 0.5415384624999999 0.0138461546875
0 0.3523076921875 0.235384615625 0.355384615625 0.15384615468750001 0.30307692343750003 0.1676923078125 0.2876923078125 0.2523076921875 0.30307692343750003 0.2861538453125 0.3523076921875 0.235384615625
0 0.3938461546875 0.2630769234375 0.44461538437500003 0.25538461562500003 0.4830769234375 0.2184615375 0.46923077031249993 0.1907692296875 0.33999999999999997 0.1876923078125 0.3430769234375 0.25076922968750004 0.3938461546875 0.2630769234375
1 0.5015384625 0.3369230765625 0.4492307703125 0.3492307703125 0.3107692296875 0.4507692296875 0.415384615625 0.424615384375 0.5015384625 0.3707692296875 0.5015384625 0.3369230765625
1 0.5969230765625 0.21538461562500003 0.5184615375 0.3138461546875 0.6261538453125 0.2723076921875 0.6523076921875 0.2076923078125 0.5969230765625 0.21538461562500003
1 0.5030769234375 0.304615384375 0.54 0.224615384375 0.5184615375 0.204615384375 0.5030769234375 0.304615384375
1 0.7092307703125 0.4015384625 0.555384615625 0.3676923078125 0.5107692296875 0.3861538453125 0.5061538453125001 0.4092307703125 0.58 0.424615384375 0.7092307703125 0.4015384625
6 0.5430769234375 0.4507692296875 0.5292307703125 0.3230769234375 0.4969230765625 0.32461538437500004 0.515384615625 0.5830769234375001 0.5507692296875 0.7723076921875001 0.5769230765625 0.7784615374999999 0.5430769234375 0.4507692296875
1 0.54 0.5538461546875 0.5338461546875 0.5969230765625 0.5723076921875 0.6923076921875 0.5861538453125 0.6769230765625001 0.5723076921875 0.5769230765625 0.54 0.5538461546875
6 0.5938461546875 0.7661538453125 0.6323076921874999 0.7446153843750001 0.6707692296875 0.5723076921875 0.6461538453125 0.5676923078125 0.5938461546875 0.7661538453125
1 0.5784615375 0.6815384625 0.5861538453125 0.7061538453125 0.6476923078125 0.6430769234375 0.6599999999999999 0.5907692296875 0.6138461546875 0.6092307703125 0.5784615375 0.6815384625
1 0.6323076921874999 0.595384615625 0.5769230765625 0.6969230765625001 0.624615384375 0.6969230765625001 0.6599999999999999 0.5892307703124999 0.6323076921874999 0.595384615625
1 0.54 0.4584615375 0.5923076921875 0.5384615375 0.6599999999999999 0.5738461546875 0.6692307703125 0.5015384625 0.5692307703124999 0.4384615375 0.54 0.4584615375
1 0.6707692296875 0.5738461546875 0.764615384375 0.52 0.7261538453124999 0.495384615625 0.6584615375 0.5384615375 0.6707692296875 0.5738461546875
1 0.6630769234375 0.5738461546875 0.6630769234375 0.6092307703125 0.7892307703125 0.6969230765625001 0.7861538453125 0.6630769234375 0.7123076921875 0.5846153843749999 0.6630769234375 0.5738461546875
4 0.7277 0.69692 0.39078 0.69692 0.39078 0.99384 0.7277 0.99384 0.7277 0.69692
6 0.5707692296875 0.7815384625 0.5907692296875 0.7738461546875001 0.5846153843749999 0.6984615375 0.5661538453125 0.695384615625 0.5707692296875 0.7815384625