3 0.772174796875 1 0.772174796875 0.024065040625 0.0945731703125 0.024065040625 0.0945731703125 1 0.772174796875 1
0 0.4994535046875 0.06212714375 0.47265356093750005 0.075527115625 0.4507263328125 0.05847260625 0.43489000468750005 0.066999859375 0.43001728593750005 0.0803998328125 0.4275809265625 0.1011088796875 0.40687187968750005 0.118163390625 0.400780984375 0.1352179 0.4421990796875 0.15470876875 0.45803540781249996 0.171763278125 0.4787444578125 0.16201784375 0.4933626078125 0.171763278125 0.5165080140625 0.15105423125 0.5079807609375 0.11694521093750002 0.5213807312500001 0.07674529531249999 0.4994535046875 0.06212714375
0 0.422708209375 0.19978140312499998 0.4421990796875 0.1985632234375 0.45438087187500004 0.2180540921875 0.461689946875 0.1900359671875 0.44585361562500003 0.163236025 0.44585361562500003 0.15470876875 0.4519445125 0.125472465625 0.43123546562500004 0.110854315625 0.41052641718749994 0.110854315625 0.3946900875 0.1376542578125 0.3873810109375 0.164454203125 0.3837264734375 0.1888177890625 0.4019991625 0.194908684375 0.422708209375 0.19978140312499998
0 0.48605353281249997 0.20587229843750002 0.4738717390625 0.18029053281250002 0.44341725781249997 0.2022177609375 0.44341725781249997 0.22414498749999998 0.4409809 0.2521631125 0.46412630468750005 0.2667812625 0.47630809999999996 0.2887084890625 0.49092624999999995 0.2667812625 0.5104171171874999 0.2740903375 0.5165080140625 0.2558176484375 0.5384352421874999 0.24729039375 0.533562525 0.22170862812499997 0.559144290625 0.20099958125 0.5091989390625 0.1924723265625 0.48605353281249997 0.20587229843750002
0 0.344619571875 0.09365787187499999 0.3239216984375 0.0952102109375 0.328578721875 0.11642553124999999 0.3342706359375 0.12987914843749998 0.346689359375 0.1355710625 0.343584678125 0.1464374453125 0.34306723125 0.16196085 0.36893957187500004 0.16765276406250001 0.3782536140625 0.1847285109375 0.38756765625 0.1842110625 0.3896374453125 0.1469548921875 0.4025736140625 0.1216 0.39274212343750003 0.1024544671875 0.3720442515625 0.089518296875 0.3580731890625 0.096762553125 0.344619571875 0.09365787187499999
0 0.3461719125 0.23802553125 0.359625528125 0.2504442546875 0.390154890625 0.24268255156250002 0.401538721875 0.25924084999999997 0.42068425156249994 0.2638978703125 0.4243063796875 0.2504442546875 0.4093004234375 0.1992170203125 0.387050209375 0.1852459546875 0.3647999984375 0.1645480828125 0.34306723125 0.165582978125 0.3399625515625 0.182658721875 0.3554859546875 0.2090485109375 0.3554859546875 0.23285106249999998 0.3461719125 0.23802553125
1 0.43569020937499997 0.22922893437499997 0.408265528125 0.2095659546875 0.39895148593749996 0.2240544671875 0.42016680468749995 0.24889191249999998 0.4558706359375 0.307363403125 0.47449871874999994 0.36117787031250004 0.48950467656249996 0.383945528125 0.49830127187500006 0.3653174453125 0.46673701875000007 0.2773514875 0.43569020937499997 0.22922893437499997
1 0.5122723375 0.3854978703125 0.546423825 0.3554859546875 0.60230808125 0.32909616875 0.630250209375 0.31667744531249997 0.690791484375 0.3032238265625 0.7772051015625 0.29856680625 0.8346416968750001 0.31098553125 0.8413685046875001 0.3016714875 0.8077344640625 0.2783863796875 0.7083846765625 0.27424680625 0.5940289328125 0.304258721875 0.52520850625 0.352381275 0.494679146875 0.38342808281249996 0.4863999953125 0.415509784375 0.5122723375 0.3854978703125
1 0.48226042343750003 0.419649359375 0.487434890625 0.43465531718749995 0.5200340390625 0.40567829531250005 0.5407319109375 0.394294465625 0.5764357390625 0.369974465625 0.612657015625 0.3544510609375 0.6452561671875 0.34513701874999997 0.6788902078125 0.342549784375 0.7239080796875 0.342549784375 0.761681696875 0.35652085 0.778757440625 0.359625528125 0.7839319078125 0.34927659375000003 0.7596119109374999 0.33323574218749996 0.7285651015625 0.3197821265625 0.6866519109375 0.31667744531249997 0.6173140390625 0.3239216984375 0.546941271875 0.3554859546875 0.4879523375 0.41137020937499996 0.48226042343750003 0.419649359375
1 0.54331914375 0.3156425515625 0.55780765625 0.29597957343750003 0.5417668046874999 0.297014465625 0.5138246765625001 0.321334465625 0.4993361671875 0.3575557421875 0.49778382656250003 0.380840846875 0.5231387187500001 0.3549685078125 0.54331914375 0.3156425515625
1 0.58419744375 0.453800846875 0.6380119109375 0.4284459546875 0.7047625484375 0.41188765624999996 0.7689259515625 0.405160846875 0.7663387171875 0.392224678125 0.67112850625 0.401538721875 0.60851744375 0.41602723125 0.5552204203125 0.44034723124999997 0.5081327625000001 0.47656850781250004 0.478120846875 0.5076153156250001 0.46725446562500006 0.5195165921875 0.48381276250000005 0.554185528125 0.5039931890625 0.5246910609375 0.5365923375 0.490539571875 0.58419744375 0.453800846875
1 0.5986859531250001 0.4129225515625 0.6504306343749999 0.398434040625 0.699070634375 0.3999863796875 0.76219914375 0.3994689328125 0.7534025484375 0.3891199984375 0.699070634375 0.377218721875 0.6167965921875 0.3896374453125 0.5769531875 0.40360850781249996 0.5065804234375 0.44914382656249996 0.47605106093750005 0.47501616718750006 0.4729463796875 0.5065804234375 0.488469784375 0.494679146875 0.5277957421874999 0.4543182953125 0.5986859531250001 0.4129225515625
1 0.570743825 0.4005038265625 0.6297327625 0.3854978703125 0.677855315625 0.380323403125 0.7244255265625 0.380323403125 0.7539199937500001 0.39377701875 0.757542121875 0.380323403125 0.7295999953125001 0.36893957187500004 0.68923914375 0.367904678125 0.6530178671875 0.371009359375 0.636459571875 0.37463148749999997 0.588337015625 0.377218721875 0.5552204203125 0.388085103125 0.5241736140625 0.40412595468749996 0.49830127187500006 0.422754040625 0.477085953125 0.45121361406249993 0.47553361406250005 0.477085953125 0.529865528125 0.42792850781249997 0.570743825 0.4005038265625
1 0.5272782953124999 0.5428016984374999 0.5800578671875 0.5029582953125 0.6369770156250001 0.480190634375 0.6871693578125 0.478120846875 0.699070634375 0.46466723125 0.6669889312499999 0.4548357421875 0.627145528125 0.463114890625 0.563499571875 0.4863999953125 0.5122723375 0.5236561671875 0.46570212343749995 0.5810927625 0.4729463796875 0.6136919109375001 0.4967489328125 0.5748834 0.5272782953124999 0.5428016984374999
1 0.3104680828125 0.3311659546875 0.25199659375 0.32650893281250004 0.22198467812499997 0.342549784375 0.256653615625 0.3409974453125 0.31512510312500003 0.3580731890625 0.37359659375 0.3849804234375 0.4248238265625 0.4243063796875 0.453800846875 0.4532834 0.4688068046875 0.494679146875 0.47553361406250005 0.44914382656249996 0.453800846875 0.41395744375000004 0.41137020937499996 0.380840846875 0.365834890625 0.3549685078125 0.3104680828125 0.3311659546875
1 0.44655659375 0.44241701874999995 0.401538721875 0.3968816984375 0.3135727640625 0.3342706359375 0.25354893437500003 0.3218519125 0.2199148921875 0.328061275 0.2633804234375 0.346689359375 0.3218519125 0.376701275 0.3787710609375 0.4134399984375 0.4237889328125 0.45742297499999995 0.44810893281249997 0.494679146875 0.46621957187499996 0.5189991468749999 0.46777191250000005 0.49312680468750003 0.44655659375 0.44241701874999995
1 0.279938721875 0.3761838265625 0.23595574375 0.371009359375 0.2230195734375 0.38291063593749997 0.2856306359375 0.40412595468749996 0.377218721875 0.453800846875 0.4372425515625 0.509685103125 0.46156255156250003 0.554185528125 0.4620799953125 0.554185528125 0.4693242515625 0.5355574437499999 0.4532834 0.501405953125 0.41447489062500004 0.4558706359375 0.3554859546875 0.4134399984375 0.279938721875 0.3761838265625
1 0.3642825515625 0.46259744375 0.3104680828125 0.438794890625 0.26027574375 0.43413787031249995 0.25354893437500003 0.4299982953125 0.24113021093749998 0.446039146875 0.3259914875 0.4776034 0.3948119125 0.525725953125 0.45121361406249993 0.5935114859375 0.461045103125 0.5479761671875 0.4243063796875 0.5039931890625 0.3642825515625 0.46259744375
1 0.32702637968750004 0.32909616875 0.36324765625 0.34151489218750003 0.41447489062500004 0.37463148749999997 0.446039146875 0.401021275 0.46156255156250003 0.42016680468749995 0.47605106093750005 0.45794042343749997 0.487434890625 0.4408646765625 0.4858825515625 0.418614465625 0.46052765625000003 0.38291063593749997 0.4232714859375 0.343584678125 0.38756765625 0.32547404062499996 0.3518638265625 0.3104680828125 0.3089157421875 0.3058110609375 0.2732119125 0.3130553171875 0.27579914687499996 0.3301310609375 0.29080510312499996 0.32547404062499996 0.32702637968750004 0.32909616875
1 0.246304678125 0.29080510312499996 0.3032238265625 0.29080510312499996 0.3622127640625 0.302188934375 0.408265528125 0.33220085 0.4455216984375 0.36738723125 0.48381276250000005 0.41085276249999997 0.49105701875 0.3896374453125 0.4796731890625 0.3684221265625 0.463114890625 0.3409974453125 0.42948084687500004 0.3125378703125 0.388085103125 0.2882178703125 0.3420323375 0.273729359375 0.277868934375 0.26751999843749996 0.21525787031250002 0.283043403125 0.20646127500000003 0.298049359375 0.246304678125 0.29080510312499996
5 0.5304878046875 0.8313008125 0.5121951218749999 0.8577235765625 0.520325203125 0.8617886171875 0.532520325 0.8516260156250001 0.5467479671875 0.8658536578125 0.5386178859374999 0.9329268296875 0.50813008125 0.9735772359375 0.5 0.9979674796875001 0.5121951218749999 0.9979674796875001 0.5304878046875 0.9634146343750001 0.552845528125 0.9613821140625 0.569105690625 0.9979674796875001 0.5792682921875 0.9979674796875001 0.585365853125 0.939024390625 0.5772357718750001 0.922764228125 0.5833333328125 0.8739837390625 0.597560975 0.8373983734375001 0.593495934375 0.8252032515625001 0.6158536578125 0.8008130078125 0.62195121875 0.802845528125 0.617886178125 0.721544715625 0.6016260156250001 0.7073170734375 0.532520325 0.6991869921875 0.5121951218749999 0.6727642281249999 0.48577235781250006 0.66056910625 0.48577235781250006 0.6768292687499999 0.467479675 0.689024390625 0.4573170734375 0.68495935 0.43902439062500004 0.7113821140625001 0.40650406562499997 0.7337398375 0.40650406562499997 0.75813008125 0.4532520328125 0.7621951218749999 0.50813008125 0.7865853656249999 0.5304878046875 0.8313008125
5 0.48373983750000005 0.7560975609375 0.5182926828125 0.7439024390625 0.5142276421875 0.745934959375 0.520325203125 0.75 0.5264227640625 0.7865853656249999 0.5386178859374999 0.80691056875 0.5386178859374999 0.827235771875 0.5477642281249999 0.8333333328125001 0.544715446875 0.8292682921875001 0.5487804875 0.8252032515625001 0.5386178859374999 0.7967479671875 0.5426829265625 0.7926829265625 0.5508130078125 0.8008130078125 0.55691056875 0.7987804875 0.528455284375 0.7662601625 0.5304878046875 0.7398373984375 0.520325203125 0.7357723578125 0.52439024375 0.7134146343750001 0.5 0.680894309375 0.504065040625 0.6727642281249999 0.5142276421875 0.6768292687499999 0.4979674796875 0.6686991875 0.48983739843749996 0.6686991875 0.4939024390625 0.68495935 0.504065040625 0.6869918703125 0.5162601625 0.7276422765625 0.5020325203125 0.745934959375 0.48780487812500006 0.74186991875 0.48373983750000005 0.7560975609375
5 0.5510232687500001 0.8376787218749999 0.5548780484375 0.8800813015625 0.5467479671875 0.9186991875 0.5548780484375 0.9166666671874999 0.55691056875 0.92682926875 0.56504065 0.9288617890624999 0.55691056875 0.8455284546874999 0.5510232687500001 0.8376787218749999
4 0.534115853125 0.669024390625 0.4058434953125 0.669024390625 0.4058434953125 0.7729674796875 0.534115853125 0.7729674796875 0.534115853125 0.669024390625
5 0.319105690625 0.933689025 0.3658536578125 0.93495935 0.37195121875 0.9410569109375 0.40243902499999995 0.8536585359375 0.390243903125 0.83943089375 0.37195121875 0.7764227640625 0.3760162609375 0.7662601625 0.3577235765625 0.7357723578125 0.3841463421875 0.7093495937500001 0.41056910625 0.7012195125 0.4329268296875 0.6727642281249999 0.4573170734375 0.6707317078125 0.45934959375 0.6463414640625 0.40650406562499997 0.6747967484374999 0.3617886171875 0.6829268296875 0.359756096875 0.7012195125 0.34552845468750004 0.7093495937500001 0.2845528453125 0.72560975625 0.205284553125 0.810975609375 0.20121951249999998 0.9207317078124999 0.22560975625 0.995934959375 0.32317073125 0.9979674796875001 0.319105690625 0.933689025