3 0.048659575 0.96232558125 0.9852978718750001 0.96232558125 0.9852978718750001 0.0205581390625 0.048659575 0.0205581390625 0.048659575 0.96232558125
0 0.2765957453125 0.5953488375 0.272340425 0.609302325 0.2851063828125 0.609302325 0.3361702125 0.6372093015625 0.3489361703125 0.6372093015625 0.3446808515625 0.548837209375 0.33191489375 0.5441860468749999 0.3191489359375 0.5209302328125001 0.26808510625 0.5302325578125 0.25957446875 0.5348837203125 0.25957446875 0.548837209375 0.2765957453125 0.558139534375 0.2765957453125 0.5953488375
1 0.2 0.8 0.20425531874999997 0.8279069765625 0.238297871875 0.8279069765625 0.365957446875 0.7209302328125 0.47234042499999995 0.6046511625 0.48510638281249996 0.5860465109375 0.48510638281249996 0.5674418609375 0.4468085109375 0.5674418609375 0.2 0.8
1 0.22131095781250001 0.6529289203124999 0.233682378125 0.68748578125 0.3914893609375 0.6139534890625 0.42127659531250006 0.590697675 0.4425531921875 0.5674418609375 0.4553191484375 0.5627906984375 0.4553191484375 0.558139534375 0.46382978750000003 0.548837209375 0.46808510625000005 0.548837209375 0.4893617015625 0.5162790703125 0.4893617015625 0.50232558125 0.48510638281249996 0.49302325625 0.46808510625000005 0.49767441874999996 0.4127659578125 0.5255813953125 0.4127659578125 0.5302325578125 0.3489361703125 0.5813953484375001 0.22131095781250001 0.6529289203124999
0 0.3361702125 0.6279069765624999 0.3489361703125 0.6790697671875 0.3574468078125 0.68837209375 0.370212765625 0.68837209375 0.3829787234375 0.6325581390624999 0.3829787234375 0.6186046515625 0.374468084375 0.6046511625 0.34042553125 0.609302325 0.34042553125 0.6232558140625 0.3361702125 0.6279069765624999
0 0.22978723437499998 0.48372092968749997 0.28936170156249996 0.50232558125 0.293617021875 0.50232558125 0.293617021875 0.48837209374999996 0.2851063828125 0.4697674421875 0.302127659375 0.44186046562500003 0.297872340625 0.42325581406249996 0.272340425 0.42325581406249996 0.2638297875 0.41395348906249996 0.2212765953125 0.41395348906249996 0.2212765953125 0.43255813906249996 0.22553191562500002 0.43720930156250004 0.2170212765625 0.4697674421875 0.2170212765625 0.48372092968749997 0.22978723437499998 0.48372092968749997
0 0.07659574531249999 0.6046511625 0.07659574531249999 0.6139534890625 0.08936170156249999 0.609302325 0.097872340625 0.5953488375 0.11063829843749999 0.5953488375 0.11489361718749999 0.5860465109375 0.13191489375 0.5674418609375 0.13191489375 0.5627906984375 0.14042553124999999 0.553488371875 0.14042553124999999 0.5441860468749999 0.13191489375 0.5348837203125 0.13191489375 0.5302325578125 0.072340425 0.5302325578125 0.06808510625 0.5348837203125 0.06808510625 0.5441860468749999 0.08936170156249999 0.5674418609375 0.093617021875 0.5767441859375 0.093617021875 0.590697675 0.07659574531249999 0.6046511625
0 0.1234042546875 0.6651162796875 0.11063829843749999 0.6930232562499999 0.11489361718749999 0.7069767437500001 0.1361702125 0.7069767437500001 0.1489361703125 0.6930232562499999 0.161702128125 0.655813953125 0.161702128125 0.6465116281250001 0.1191489359375 0.6325581390624999 0.106382978125 0.6372093015625 0.106382978125 0.6465116281250001 0.1191489359375 0.655813953125 0.1234042546875 0.6651162796875
1 0.46808510625000005 0.8697674421875 0.47234042499999995 0.9348837203125001 0.4893617015625 0.9209302328125 0.5191489359375 0.70232558125 0.527659575 0.4697674421875 0.5191489359375 0.455813953125 0.5021276593749999 0.46046511562500003 0.4893617015625 0.5953488375 0.4765957453125 0.6325581390624999 0.48510638281249996 0.6465116281250001 0.48510638281249996 0.744186046875 0.46808510625000005 0.8697674421875
1 0.5446808515625 0.5302325578125 0.5489361703125 0.553488371875 0.6127659578125 0.6279069765624999 0.7446808515625001 0.748837209375 0.7872340421875 0.7813953484375 0.8085106390625001 0.7813953484375 0.8127659578124999 0.7953488375 0.834042553125 0.8 0.8 0.753488371875 0.7787234046875 0.744186046875 0.7148936171875 0.68837209375 0.5574468078125 0.5302325578125 0.5446808515625 0.5302325578125
1 0.5446808515625 0.50232558125 0.5531914890625 0.51162790625 0.638297871875 0.5627906984375 0.7914893609375 0.6186046515625 0.872340425 0.6372093015625 0.9319148937499999 0.6325581390624999 0.8127659578124999 0.6 0.5489361703125 0.48837209374999996 0.5446808515625 0.50232558125
1 0.5361702125 0.48837209374999996 0.5446808515625 0.50697674375 0.6170212765625 0.553488371875 0.73191489375 0.6 0.872340425 0.6372093015625 0.9446808515624999 0.6372093015625 0.8765957453125001 0.609302325 0.7361702125 0.5720930234375 0.73191489375 0.5627906984375 0.693617021875 0.553488371875 0.625531915625 0.5162790703125 0.58301090625 0.49233872968750003 0.5361702125 0.48837209374999996
1 0.40851063906249996 0.037209301562500005 0.42127659531250006 0.17674418593750002 0.43829787187499997 0.21860465156250003 0.45106382968750003 0.3209302328125 0.4765957453125 0.3813953484375 0.48510638281249996 0.3767441859375 0.48510638281249996 0.3302325578125 0.47234042499999995 0.2279069765625 0.43829787187499997 0.0790697671875 0.42127659531250006 0.041860465624999996 0.40851063906249996 0.037209301562500005
1 0.531175315625 0.440232771875 0.5489361703125 0.45116279062500003 0.60425531875 0.4697674421875 0.6808510640625001 0.48372092968749997 0.7829787234375 0.48372092968749997 0.8042553187499999 0.4790697671875 0.8212765953125001 0.4651162796875 0.8127659578124999 0.46046511562500003 0.6510638296875 0.45116279062500003 0.6212765953125 0.44186046562500003 0.5878859656250001 0.4321887765625 0.5346385609375 0.42319843281249997 0.531175315625 0.440232771875
1 0.5489361703125 0.4046511625 0.5574468078125 0.4186046515625 0.5787234046874999 0.40930232499999997 0.6085106390624999 0.40930232499999997 0.634042553125 0.3953488375 0.73191489375 0.3255813953125 0.7489361703124999 0.30697674375 0.74042553125 0.30232558125 0.697872340625 0.3209302328125 0.6127659578125 0.3720930234375 0.60425531875 0.3813953484375 0.5787234046874999 0.3813953484375 0.5489361703125 0.3953488375 0.5489361703125 0.4046511625
1 0.54042553125 0.3720930234375 0.5446808515625 0.38604651093750003 0.5574468078125 0.38604651093750003 0.5617021281250001 0.3953488375 0.5659574468749999 0.3953488375 0.570212765625 0.3813953484375 0.5744680843750001 0.3813953484375 0.5744680843750001 0.3767441859375 0.5872340421875 0.3627906984375 0.6170212765625 0.3348837203125 0.634042553125 0.28837209375 0.625531915625 0.28372092968749996 0.6212765953125 0.28837209375 0.6085106390624999 0.28837209375 0.5872340421875 0.31162790625 0.5617021281250001 0.3255813953125 0.54042553125 0.3720930234375
5 0.327659575 0.2 0.3234042546875 0.255813953125 0.327659575 0.2697674421875 0.3361702125 0.2790697671875 0.40425531875000004 0.3162790703125 0.40851063906249996 0.31162790625 0.4 0.30697674375 0.3914893609375 0.29302325625000003 0.3829787234375 0.29302325625000003 0.374468084375 0.28372092968749996 0.3489361703125 0.2697674421875 0.34042553125 0.17674418593750002 0.327659575 0.153488371875 0.306382978125 0.1302325578125 0.297872340625 0.1302325578125 0.302127659375 0.144186046875 0.327659575 0.158139534375 0.3234042546875 0.1720930234375 0.33191489375 0.1953488375 0.327659575 0.2
5 0.6468085109375 0.40930232499999997 0.6510638296875 0.4186046515625 0.6638297875 0.42325581406249996 0.6808510640625001 0.44186046562500003 0.6893617015625 0.44186046562500003 0.697872340625 0.43255813906249996 0.706382978125 0.40930232499999997 0.702127659375 0.4 0.693617021875 0.4046511625 0.6808510640625001 0.4046511625 0.6680851062500001 0.3953488375 0.6553191484374999 0.4 0.6468085109375 0.40930232499999997
5 0.365957446875 0.4046511625 0.374468084375 0.41395348906249996 0.4170212765625 0.43255813906249996 0.47234042499999995 0.43255813906249996 0.4893617015625 0.42325581406249996 0.4893617015625 0.40930232499999997 0.47234042499999995 0.4 0.4468085109375 0.4 0.4425531921875 0.4046511625 0.40851063906249996 0.4046511625 0.40425531875000004 0.40930232499999997 0.3914893609375 0.40930232499999997 0.3872340421875 0.4046511625 0.365957446875 0.4046511625
5 0.1872340421875 0.358139534375 0.19574468125 0.3627906984375 0.2212765953125 0.3627906984375 0.23404255312500002 0.3720930234375 0.26808510625 0.3720930234375 0.272340425 0.3767441859375 0.3106382984375 0.3767441859375 0.3148936171875 0.3813953484375 0.327659575 0.3813953484375 0.33191489375 0.3767441859375 0.361702128125 0.3767441859375 0.365957446875 0.3720930234375 0.361702128125 0.3674418609375 0.3234042546875 0.35348837187500004 0.25957446875 0.34883720937499996 0.25531914843750003 0.344186046875 0.1914893609375 0.344186046875 0.1872340421875 0.34883720937499996 0.1872340421875 0.358139534375