3 0.871453434375 1 0.9376387749999999 0.053505540625 0.2616877515625 0.006238440625 0.1936099703125 0.9797960703124999 0.4825396171875 1 0.871453434375 1
0 0.507873425 0.1507527046875 0.5295178593750001 0.173025846875 0.5447802078125 0.1643238625 0.5647590046875 0.1754901484375 0.58174641875 0.15958186875 0.6244232359375 0.143027659375 0.619536840625 0.1255898140625 0.6000679015625 0.10713225781249999 0.5990820671875 0.08630370468750001 0.595155953125 0.07259647031250001 0.5799530328125 0.0629853015625 0.55688955625 0.07846870156249999 0.53108963125 0.0632319015625 0.50819610625 0.076284878125 0.51875923125 0.11732160312499999 0.507873425 0.1507527046875
0 0.635751146875 0.1731274796875 0.6303293437499999 0.1458829625 0.6164010609374999 0.1180436171875 0.5957424578125 0.11659902656250001 0.574064146875 0.1297369765625 0.5781007859375 0.15932694218750001 0.577505953125 0.1678334265625 0.5598387296875 0.1934633984375 0.5651755546875 0.22192312812499998 0.5786872875 0.203329496875 0.598045703125 0.20590432343749998 0.61904420625 0.20248806406250003 0.6376972640624999 0.19768664375 0.635751146875 0.1731274796875
0 0.48593185625 0.22004532812500002 0.479286515625 0.24522487499999998 0.5005654984375 0.2552609234375 0.5053669203125 0.27391398125 0.5253201640625 0.267982325 0.5383731390625 0.2908758484375 0.552054825 0.26985179375 0.5761635593750001 0.2568837953125 0.5756875828125 0.22876396875 0.5772171484374999 0.20689015624999998 0.5483664187499999 0.18289194375 0.53442980625 0.20756163437500003 0.5122755156250001 0.1925797625 0.46185699687500004 0.197602234375 0.48593185625 0.22004532812500002
0 0.6347279765625 0.1109048 0.623584909375 0.129317884375 0.6347208984375 0.1555133953125 0.6341867875 0.1928231921875 0.6434420453125 0.1939890953125 0.6539245421875 0.1776046578125 0.6801309078125 0.1737313734375 0.6806975796875 0.1582096875 0.6783584609375 0.147153203125 0.69114398125 0.142341440625 0.6977605062500001 0.12931764375000002 0.7038860921875 0.10847885937499999 0.6833469234375 0.10548649218749999 0.66970950625 0.10764513281250002 0.6562778109375 0.0994439515625 0.6347279765625 0.1109048
0 0.6817842140625 0.194595396875 0.679878240625 0.17734467812500002 0.6582706046875 0.17479630156249998 0.6346307828125 0.193891659375 0.611460196875 0.2062765953125 0.5929173624999999 0.2563322796875 0.595592190625 0.270005790625 0.615015940625 0.2666956390625 0.627527090625 0.250971771875 0.65744065625 0.2608441875 0.6717277859374999 0.24939419218749997 0.662797384375 0.2435826140625 0.664457765625 0.21983804375 0.6817842140625 0.194595396875
1 0.5185653078125 0.38496034843750004 0.535122903125 0.36329491406250003 0.5574595171875 0.310910965625 0.597155140625 0.25507248125 0.6200513515625 0.2317754453125 0.611770665625 0.2166725109375 0.5830411703125 0.23437454375 0.5487131296875 0.28021415625 0.5110895703125 0.365764021875 0.5185653078125 0.38496034843750004
1 0.48515026250000004 0.3509824109375 0.4198543375 0.29817641093749997 0.307870684375 0.26026055000000003 0.208474146875 0.25745974843749997 0.17329775 0.2783419421875 0.17935845625 0.2881025359375 0.237521425 0.2797206375 0.3233996859375 0.290394221875 0.38285500781250004 0.3080382140625 0.409862784375 0.32237583124999997 0.4637700515625 0.352599621875 0.49574482187499996 0.3849207171875 0.519460615625 0.4166642859375 0.5134395375 0.384083209375 0.48515026250000004 0.3509824109375
1 0.3952543328125 0.316167203125 0.3265906984375 0.30410383125 0.28456303437499997 0.30427723281249996 0.2526533765625 0.315532359375 0.22727366875000002 0.329837659375 0.2317136265625 0.3405223375 0.24896434687500002 0.33861636562499997 0.2876205203125 0.3273142875 0.33252873125 0.330454575 0.365900365625 0.3353816984375 0.3977703921875 0.3469470546875 0.43282057656250006 0.3649593140625 0.4667409546875 0.39171064375000003 0.4865943125 0.40451055468749997 0.517092715625 0.43569099062500005 0.523301340625 0.4210825390625 0.5182008171875 0.412426509375 0.46325386562500004 0.3525635265625 0.3952543328125 0.316167203125
1 0.510598625 0.3579490359375 0.4986720765625 0.320805325 0.4724944921875 0.2945954234375 0.45656490625 0.29244409843749997 0.46964650468749997 0.313069846875 0.48703453124999996 0.353707721875 0.510522896875 0.3812857046875 0.510598625 0.3579490359375
1 0.5123680140625 0.5551827 0.531304359375 0.5217532640625 0.5212946390625001 0.509122978125 0.493521546875 0.4760582734375 0.4490752609375 0.4366405609375 0.39760454375 0.408661990625 0.336156665625 0.389841246875 0.241828096875 0.3739083640625 0.2383447828125 0.38663254375 0.30188265 0.3978187796875 0.3673156375 0.41899303281250005 0.41923034687499994 0.44804006875 0.46415672499999994 0.48801006406249997 0.4942941765625 0.5243523640625 0.5123680140625 0.5551827
1 0.5265286921875 0.508451559375 0.5256333843750001 0.47674762031249995 0.49698315312499997 0.44880868281249997 0.42995819687500003 0.3984753296875 0.3911864203125 0.3817589640625 0.30997908125 0.3636313453125 0.254949325 0.37171362812500003 0.245452253125 0.381423734375 0.3083908890625 0.3863435421875 0.357020690625 0.3881879390625 0.40762865625 0.40625068437499995 0.4754585609375 0.45249064062500005 0.5118732921875 0.495496415625 0.5265286921875 0.508451559375
1 0.5262613953125 0.4529308578125 0.5070829953125 0.4230607046875 0.48257310625 0.4026732328125 0.45272088281249995 0.384505740625 0.42044295781249996 0.3713557328125 0.37261810156249997 0.365417940625 0.356352809375 0.3606495875 0.3204363375 0.3550258 0.2801016125 0.3532427421875 0.2514334546875 0.3626496984375 0.2541082828125 0.376323209375 0.2844693796875 0.3649597953125 0.3309261484375 0.3682083703125 0.378570525 0.3767270921875 0.43636900624999997 0.3958113546875 0.4752346765625 0.42602075624999997 0.5260051906250001 0.478848459375 0.5262613953125 0.4529308578125
1 0.5285575828125 0.5832877234375 0.48610738593749997 0.5227424671875001 0.4376037984375 0.48200361875000003 0.3757371671875 0.4543355171875 0.3365683453125 0.4432972015625 0.30387898125 0.450866834375 0.314812790625 0.46511786875 0.364738484375 0.47068385468749996 0.4199307890625 0.49736653437499995 0.46980245781249996 0.5407945984375 0.4980195453125 0.5749277703125 0.519056971875 0.615302128125 0.5285575828125 0.5832877234375
1 0.5520886390624999 0.41738972968750004 0.5279543343750001 0.4509743984375 0.5314883734375 0.4968680359375 0.5493454 0.45661988906250006 0.58027316875 0.429734790625 0.6341188546875001 0.3940780609375 0.6943248640624999 0.3713151359375 0.7538450625 0.358359753125 0.7883212625 0.36232669375 0.7595014078125 0.3442313921875 0.7008474953125 0.3447983046875 0.643955175 0.3646806828125 0.596726015625 0.3873136140625 0.5520886390624999 0.41738972968750004
1 0.5521358265625 0.4983118453125 0.57899544375 0.46284290625 0.6269717515625 0.4221073578125 0.6863150124999999 0.38942860625 0.7467375921875 0.36356856406250004 0.7913966734375 0.3480178578125 0.75827770625 0.3394774296875 0.6975338046874999 0.3476788515625 0.6054146 0.40400120156249997 0.5573300062500001 0.44628531093749996 0.53262903125 0.495391665625 0.5323728265625001 0.5213092687499999 0.5521358265625 0.4983118453125
1 0.5465047265625 0.5046613140625 0.5281206625 0.5376106593750001 0.5340478421875 0.5566987 0.534564025 0.5567347953125 0.5619289765625 0.5140392484375 0.6257048796875 0.46247817500000005 0.72053500625 0.41931314999999997 0.7844734578125 0.4025170375 0.772398990625 0.3897423703125 0.7281622 0.3918361359375 0.6502001374999999 0.42373164374999994 0.5883950828125 0.46194406250000003 0.5465047265625 0.5046613140625
1 0.5421445125 0.5966868625 0.603137303125 0.5330008359375 0.67514694375 0.4897961765625 0.7620033140625 0.4642284359375 0.7507337953125 0.44736037343749996 0.743734609375 0.4510206265625 0.6933396796875 0.45216506093750003 0.63799591875 0.472155725 0.5752306843749999 0.50926358125 0.53551335625 0.55057665625 0.5421445125 0.5966868625
1 0.7392762453125 0.3293306421875 0.704164721875 0.319613459375 0.6609963999999999 0.3212632296875 0.6243327796875 0.33374206093750003 0.5874525890625 0.3493180078125 0.5475439328125 0.38594931093749996 0.5197602265625 0.41979749999999993 0.5166595734375 0.44188522499999994 0.5268245281249999 0.45971347187499995 0.5439126984375 0.4230425359375 0.5607338140625 0.40502650156250003 0.594062040625 0.380902809375 0.647474584375 0.351440315625 0.6844739140625 0.34157851093749997 0.7208596234375 0.340491875 0.73550416875 0.3461843140625 0.7392762453125 0.3293306421875
1 0.73780695 0.2835813875 0.673366703125 0.2852998109375 0.626415453125 0.29654055 0.5834240687500001 0.31791368593749997 0.5478867171874999 0.3439577421875 0.5294557046875 0.3701605703125 0.5166197 0.3905301140625 0.522366403125 0.4121990859375 0.56359619375 0.3715104828125 0.6032160890625 0.3390086734375 0.6512501953125 0.31228234375 0.710889534375 0.305041103125 0.76767003125 0.3090115828125 0.8069110437499999 0.319017528125 0.7991826390625001 0.3034345046875 0.73780695 0.2835813875
5 0.5752619390625 0.7640232359375 0.576963315625 0.73969240625 0.5460818046875 0.715120640625 0.529676840625 0.687486209375 0.5192554328125001 0.690832440625 0.5018579984375 0.6773909921875 0.5029922499999999 0.6611704375 0.47578316093749995 0.67149269375 0.45366431093750004 0.6964332796875 0.3841598328125 0.6997229875000001 0.3669468078125 0.7127817203125 0.3572204125 0.793600925 0.3634449015625 0.7919986999999999 0.384046784375 0.8178891265624999 0.3791409578125 0.8297709781249999 0.3907818765625 0.86725969375 0.393461828125 0.9163467000000001 0.3842173 0.9320001281250001 0.3861883453125 0.9912249796875001 0.3963261921875 0.9919338859375 0.41509881093749995 0.9565718921874999 0.437260290625 0.9601590578125 0.45309812968749996 0.9959037671875001 0.46526354531249997 0.99675445625 0.4588546453125 0.9718565 0.4312767359375 0.92917839375 0.42784524687500003 0.8617014828125 0.4430307015625 0.84850096875 0.454487209375 0.8594895031249999 0.46288105 0.856001490625 0.4464760859375 0.8283670593749999 0.4718985390625 0.7853201328125 0.5283442843749999 0.7648174015625 0.5752619390625 0.7640232359375
5 0.46789992343750003 0.7259534999999999 0.48290096875 0.6862528046875 0.4931805953125 0.6849341421874999 0.49836998593750004 0.6689971515625001 0.49025970937499996 0.6684300265625 0.4734720296875 0.6754060515625 0.4838934375 0.6720598203125 0.4873814515625 0.680453659375 0.4607821171875 0.7111933890625 0.463277659375 0.7337802140624999 0.4528562515625 0.7371264453124999 0.45304066093750006 0.7636266265625 0.4223861890625 0.7940827921875 0.428327115625 0.79653570625 0.43700451874999996 0.7889925546875001 0.44077609375 0.79333125625 0.4286533078125 0.82100831875 0.4324248828125 0.8253470187499999 0.429099965625 0.8291894859375001 0.43864937187499997 0.8237447937500001 0.44006718593749994 0.8034691031250001 0.453650415625 0.7840441 0.46228518906250005 0.7479731984375 0.468651459375 0.7443434046874999 0.464738103125 0.742032271875 0.498356090625 0.7566079718750001 0.49529342187500003 0.742131425 0.48081687500000003 0.7451940921875 0.46789992343750003 0.7259534999999999
5 0.41345395781249994 0.9218196531249999 0.416190434375 0.9118235890624999 0.4241589296875 0.9144182843750001 0.4187425 0.8753273437500001 0.42554574375 0.83329695 0.419125215625 0.840716884375 0.40520189999999995 0.923280096875 0.41345395781249994 0.9218196531249999
4 0.5821365984375 0.67518068125 0.45417670625 0.6662328546875 0.446926003125 0.76992274375 0.5748858953125 0.7788705703125001 0.5821365984375 0.67518068125
5 0.74472126875 1 0.7687039125 0.9405487000000001 0.7723049734375 0.8307763984375001 0.6991845953125 0.740089015625 0.6394917703125 0.71961501875 0.6258659125 0.710512271875 0.6251143765625 0.6921223671875001 0.581074978125 0.6808928984375 0.5303431187500001 0.6488206125 0.5306693109375 0.673293225 0.554858359375 0.6770221703125 0.57517668125 0.7069677359375001 0.6009679546875 0.7169211718749999 0.625483196875 0.7451227296875 0.6051083515625 0.774260234375 0.6084545828125 0.78468164375 0.585811234375 0.8462602546875001 0.5726533484375 0.8596025515625 0.5969702859375 0.9489147499999999 0.6034783375 0.9432573859375 0.6502010421875 0.9452511296875 0.6428778640624999 1 0.74472126875 1