3 0.9205450578125 1 0.9205450578125 0.0618505859375 0.0169549421875 0.0618505859375 0.0169549421875 1 0.9205450578125 1
0 0.48837209374999996 0.3857421875 0.514534884375 0.3759765625 0.536337209375 0.3818359375 0.5377906984374999 0.388671875 0.547965115625 0.392578125 0.5755813953125 0.3876953125 0.5813953484375001 0.369140625 0.57412790625 0.349609375 0.5959302328125 0.3271484375 0.5712209296874999 0.3076171875 0.53197674375 0.2978515625 0.5247093015625001 0.302734375 0.47383720937499996 0.306640625 0.4607558140625 0.3173828125 0.4665697671875 0.341796875 0.4505813953125 0.359375 0.459302325 0.375 0.48837209374999996 0.3857421875
0 0.6002906984374999 0.2333984375 0.6177325578125 0.2236328125 0.6220930234375001 0.2119140625 0.610465115625 0.20703125 0.61337209375 0.1796875 0.609011628125 0.173828125 0.5973837203125 0.169921875 0.5828488375 0.171875 0.5639534890625 0.158203125 0.5537790703125001 0.1572265625 0.526162790625 0.1787109375 0.5290697671875 0.2080078125 0.5639534890625 0.2373046875 0.5755813953125 0.2392578125 0.6002906984374999 0.2333984375
0 0.7078488375 0.1884765625 0.6875 0.177734375 0.65697674375 0.1845703125 0.639534884375 0.193359375 0.630813953125 0.212890625 0.6453488375 0.23046875 0.6700581390625 0.224609375 0.7078488375 0.1884765625
0 0.7165697671875 0.2666015625 0.7398255812500001 0.255859375 0.7311046515624999 0.2294921875 0.7165697671875 0.2255859375 0.6860465109375 0.2294921875 0.671511628125 0.2431640625 0.67587209375 0.2568359375 0.6584302328125 0.2734375 0.661337209375 0.294921875 0.681686046875 0.2900390625 0.7063953484375001 0.2919921875 0.7165697671875 0.2666015625
0 0.588662790625 0.3173828125 0.603197675 0.30859375 0.619186046875 0.3251953125 0.6482558140625 0.3310546875 0.6627906984374999 0.3232421875 0.665697675 0.3134765625 0.6584302328125 0.3095703125 0.6671511625 0.294921875 0.681686046875 0.2900390625 0.7049418609375 0.2919921875 0.7151162796875 0.267578125 0.7049418609375 0.2578125 0.6860465109375 0.2578125 0.6686046515624999 0.2431640625 0.6497093015625001 0.2431640625 0.5915697671875 0.2490234375 0.5523255812500001 0.271484375 0.5436046515624999 0.2822265625 0.5421511625 0.2939453125 0.556686046875 0.302734375 0.57412790625 0.3046875 0.588662790625 0.3173828125
0 0.44040697656249994 0.3115234375 0.459302325 0.314453125 0.5290697671875 0.298828125 0.5392441859375 0.28125 0.5290697671875 0.232421875 0.5014534890625 0.23828125 0.4723837203125 0.220703125 0.4578488375 0.2197265625 0.443313953125 0.224609375 0.4389534890625 0.23828125 0.4186046515625 0.2431640625 0.4084302328125 0.2509765625 0.41133720937499996 0.26953125 0.4389534890625 0.2841796875 0.4302325578125 0.2998046875 0.44040697656249994 0.3115234375
0 0.34883720937499996 0.361328125 0.3401162796875 0.384765625 0.36482558125 0.392578125 0.4142441859375 0.3798828125 0.42151162812500004 0.36328125 0.4389534890625 0.3515625 0.4360465109375 0.328125 0.4302325578125 0.3193359375 0.41279069843749994 0.3095703125 0.34883720937499996 0.3076171875 0.3502906984375 0.318359375 0.3255813953125 0.326171875 0.3255813953125 0.3349609375 0.34883720937499996 0.361328125
0 0.5072674421875 0.4423828125 0.5247093015625001 0.44775390625 0.5247093015625001 0.4580078125 0.5392441859375 0.46484375 0.578488371875 0.462890625 0.588662790625 0.455078125 0.59302325625 0.4345703125 0.6337209296874999 0.419921875 0.6279069765624999 0.41015625 0.59447674375 0.400390625 0.5571705421875001 0.3984375 0.5174418609375 0.390625 0.49709302343750006 0.3916015625 0.48401162812500004 0.3994140625 0.4723837203125 0.4384765625 0.4767441859375 0.451171875 0.49709302343750006 0.451171875 0.5072674421875 0.4423828125
1 0.7398255812500001 0.4091796875 0.754360465625 0.4033203125 0.7587209296874999 0.3955078125 0.7412790703125001 0.390625 0.6889534890625 0.3876953125 0.588662790625 0.3994140625 0.588662790625 0.404296875 0.6061046515624999 0.4052734375 0.63662790625 0.4189453125 0.7398255812500001 0.4091796875
0 0.6802325578125 0.3896484375 0.6875 0.38671875 0.7005813953125 0.3515625 0.6889534890625 0.3427734375 0.671511628125 0.3427734375 0.5973837203125 0.365234375 0.584302325 0.3759765625 0.5726744187499999 0.3955078125 0.577034884375 0.3974609375 0.6424418609375 0.3955078125 0.6802325578125 0.3896484375
1 0.3924418609375 0.671875 0.4709302328125 0.61328125 0.5130813953125 0.59375 0.5755813953125 0.57421875 0.619186046875 0.5625 0.7311046515624999 0.54296875 0.875 0.529296875 0.8880813953125 0.525390625 0.8880813953125 0.5205078125 0.8430232562500001 0.5146484375 0.7369186046875 0.5185546875 0.6061046515624999 0.5400390625 0.5377906984374999 0.5576171875 0.45494186093750005 0.5869140625 0.389534884375 0.6220703125 0.35610465156250004 0.6513671875 0.34302325625 0.6865234375 0.3401162796875 0.7060546875 0.34447674375 0.7099609375 0.3677325578125 0.685546875 0.3924418609375 0.671875
1 0.5901162796875 0.5322265625 0.6773255812500001 0.5166015625 0.76162790625 0.517578125 0.771802325 0.509765625 0.744186046875 0.5009765625 0.6845930234375001 0.4931640625 0.63662790625 0.4931640625 0.5813953484375001 0.5009765625 0.48837209374999996 0.5322265625 0.44186046562500003 0.556640625 0.3924418609375 0.595703125 0.3764534890625 0.6328125 0.44040697656249994 0.5927734375 0.536337209375 0.55078125 0.5901162796875 0.5322265625
1 0.5726744187499999 0.50390625 0.6279069765624999 0.49609375 0.6671511625 0.494140625 0.723837209375 0.498046875 0.755813953125 0.5029296875 0.7674418609375 0.513671875 0.78052325625 0.509765625 0.8677325578125 0.5166015625 0.9026162796874999 0.513671875 0.8110465109374999 0.4892578125 0.691860465625 0.4755859375 0.6351744187499999 0.4755859375 0.53197674375 0.4912109375 0.4796511625 0.5068359375 0.4302325578125 0.5283203125 0.4302325578125 0.552734375 0.4389534890625 0.55859375 0.521802325 0.5185546875 0.5726744187499999 0.50390625
1 0.290697675 0.3876953125 0.26017441875 0.376953125 0.23401162812499998 0.3798828125 0.23401162812499998 0.384765625 0.28197674375 0.42578125 0.2921511625 0.4033203125 0.290697675 0.3876953125
1 0.34883720937499996 0.4384765625 0.3125 0.4052734375 0.3052325578125 0.40234375 0.296511628125 0.408203125 0.296511628125 0.443359375 0.328488371875 0.4833984375 0.34447674375 0.482421875 0.34883720937499996 0.4384765625
1 0.44767441874999997 0.4375 0.4375 0.4404296875 0.44040697656249994 0.4990234375 0.45494186093750005 0.482421875 0.443313953125 0.4638671875 0.44767441874999997 0.4375
1 0.45494186093750005 0.455078125 0.45494186093750005 0.4677734375 0.4665697671875 0.46875 0.4651162796875 0.4501953125 0.45494186093750005 0.455078125
1 0.4389534890625 0.412109375 0.4563953484375 0.3818359375 0.44767441874999997 0.359375 0.4665697671875 0.337890625 0.45494186093750005 0.318359375 0.4375 0.3310546875 0.44040697656249994 0.3505859375 0.42005813906249995 0.3681640625 0.3777790890625 0.4420704 0.3620382921875 0.508698234375 0.4076865984375 0.4695676 0.4389534890625 0.412109375
1 0.389534884375 0.7373046875 0.44912790625000004 0.72265625 0.494186046875 0.716796875 0.5436046515624999 0.7177734375 0.610465115625 0.73828125 0.6845930234375001 0.771484375 0.6976744187499999 0.771484375 0.8531511078125 0.8746225359375 0.8893549359374999 0.8873135515625 0.8216695156249999 0.8132826234375001 0.640988371875 0.7158203125 0.598837209375 0.7001953125 0.5174418609375 0.6796875 0.42151162812500004 0.6953125 0.3619186046875 0.71875 0.3372093015625 0.73828125 0.33866279062500004 0.7451171875 0.3299418609375 0.7509765625 0.33866279062500004 0.7568359375 0.389534884375 0.7373046875
1 0.452034884375 0.7490234375 0.5290697671875 0.73828125 0.5901162796875 0.7353515625 0.5915697671875 0.7314453125 0.5799418609375 0.724609375 0.5523255812500001 0.71875 0.5 0.7158203125 0.44767441874999997 0.7236328125 0.379360465625 0.7421875 0.359011628125 0.751953125 0.359011628125 0.763671875 0.3677325578125 0.7685546875 0.452034884375 0.7490234375
1 0.1947674421875 0.49609375 0.20058139531250002 0.5009765625 0.2252906984375 0.5009765625 0.2892441859375 0.53125 0.3299418609375 0.5615234375 0.34447674375 0.5556640625 0.3328488375 0.5126953125 0.3052325578125 0.4970703125 0.2514534890625 0.4794921875 0.129360465625 0.47265625 0.0915697671875 0.48046875 0.07412790625 0.490234375 0.07412790625 0.5087890625 0.1126453484375 0.494140625 0.1482558140625 0.498046875 0.1947674421875 0.49609375
1 0.4244186046875 0.81640625 0.431686046875 0.818359375 0.546511628125 0.8720703125 0.6075581390625 0.9111328125 0.6497093015625001 0.9453125 0.6700581390625 0.9462890625 0.6642441859375 0.9267578125 0.619186046875 0.8837890625 0.5654069765624999 0.849609375 0.49563953437499997 0.81640625 0.4142441859375 0.7939453125 0.360465115625 0.787109375 0.328488371875 0.79296875 0.32412790625 0.798828125 0.3764534890625 0.814453125 0.4186046515625 0.8212890625 0.4244186046875 0.81640625
4 0.53052325625 0.7682275390625 0.10901162812500001 0.7682275390625 0.10901162812500001 0.9570263671875001 0.53052325625 0.9570263671875001 0.53052325625 0.7682275390625
1 0.5029069765624999 0.890625 0.5334302328125 0.919921875 0.547965115625 0.9462890625 0.5595930234375001 0.9462890625 0.5625 0.92578125 0.556686046875 0.908203125 0.515988371875 0.859375 0.431686046875 0.8173828125 0.4084302328125 0.818359375 0.40697674375000004 0.8251953125 0.42587209374999996 0.83984375 0.452034884375 0.853515625 0.5029069765624999 0.890625
5 0 0.810546875 0.055232557812500006 0.7802734375 0.09447674375000001 0.767578125 0.11191860468749999 0.7646484375 0.120639534375 0.78125 0.120639534375 0.8125 0.10901162812500001 0.8427734375 0.09302325624999999 0.87109375 0.0610465109375 0.908203125 0.026162790624999998 0.982421875 0.0247093015625 0.9990234375 0.05087209375 0.9990234375 0.06831395312500001 0.947265625 0.1453488375 0.826171875 0.1482558140625 0.7880859375 0.14389534843750001 0.771484375 0.1845930234375 0.748046875 0.1845930234375 0.73828125 0.15697674374999998 0.724609375 0.1424418609375 0.724609375 0.1264534890625 0.7314453125 0.1061046515625 0.75390625 0.0494186046875 0.767578125 0.014534884375000001 0.783203125 0 0.79296875 0 0.810546875
5 0.077034884375 0.931640625 0.120639534375 0.8720703125 0.1453488375 0.818359375 0.14680232499999998 0.7900390625 0.140988371875 0.77734375 0.13808139531250002 0.732421875 0.1264534890625 0.734375 0.1177325578125 0.7509765625 0.120639534375 0.8037109375 0.1075581390625 0.841796875 0.066860465625 0.896484375 0.030523256250000002 0.970703125 0.027616279687500002 0.9990234375 0.05087209375 0.9990234375 0.052325581249999996 0.9853515625 0.077034884375 0.931640625
5 0 0.8125 0.0654069765625 0.7783203125 0.1162790703125 0.763671875 0.1162790703125 0.751953125 0.06395348906250001 0.76171875 0.014534884375000001 0.7822265625 0 0.791015625 0 0.8125
5 0 0.888671875 0.0450581390625 0.837890625 0.06831395312500001 0.8212890625 0.0625 0.814453125 0.055232557812500006 0.814453125 0.005813953125 0.853515625 0 0.8603515625 0 0.888671875
5 0.21947674374999998 0.783203125 0.2325581390625 0.791015625 0.22819767500000002 0.802734375 0.2122093015625 0.814453125 0.20348837187500002 0.828125 0.19767441875 0.8525390625 0.19767441875 0.900390625 0.181686046875 0.927734375 0.1889534890625 0.927734375 0.20058139531250002 0.9189453125 0.22093023281250002 0.888671875 0.21802325625000002 0.8551432296874999 0.2572674421875 0.859375 0.296511628125 0.9267578125 0.2892441859375 0.9560546875 0.2514534890625 0.9921875 0.25 0.9990234375 0.2630813953125 0.9990234375 0.27616279062500004 0.9892578125 0.290697675 0.994140625 0.290697675 0.9990234375 0.3110465109375 0.9990234375 0.3154069765625 0.9541015625 0.3401162796875 0.908203125 0.334302325 0.83203125 0.3139534890625 0.8095703125 0.2470930234375 0.765625 0.2049418609375 0.755859375 0.20058139531250002 0.7509765625 0.1860465109375 0.75 0.1875 0.763671875 0.20348837187500002 0.771484375 0.2049418609375 0.783203125 0.21947674374999998 0.783203125
5 0.20058139531250002 0.7998046875 0.19767441875 0.794921875 0.1962209296875 0.802734375 0.1845930234375 0.8037109375 0.1802325578125 0.8115234375 0.172965115625 0.8134765625 0.17587209374999999 0.8388671875 0.1642441859375 0.8701171875 0.1627906984375 0.888671875 0.1700581390625 0.8974609375 0.1845930234375 0.8720703125 0.20058139531250002 0.7998046875