3 0.53093521875 1 0.5870561484375 0.9849624421875 0.338982565625 0.05913923125 0 0.1499693359375 0 0.492574359375 0.13596429062499998 1 0.53093521875 1
1 0.1648074484375 0.43758591406249997 0.1357507296875 0.4423391953125 0.0497003328125 0.44568544687499995 0.027492721874999997 0.49863883124999997 0.0190379515625 0.531228715625 0.03572509375 0.601052271875 0.052183543750000005 0.6360640078124999 0.0746459578125 0.640658775 0.0815670984375 0.587252721875 0.098485340625 0.5296517328125 0.12599102499999998 0.4889247296875 0.142203375 0.4739670921875 0.1895528984375 0.45824738125 0.1648074484375 0.43758591406249997
1 0.0200271625 0.40663347656250004 0.0284993390625 0.38920114687499996 0.0766330828125 0.39904707500000003 0.13706436875 0.43592232031249994 0.1797061609375 0.42904515 0.149072296875 0.37508837968750003 0.083192575 0.359383921875 0.0316908484375 0.3746999890625 0.0077644328124999995 0.40991926406249996 0.0200271625 0.40663347656250004
1 0.1562767578125 0.23973044062499999 0.1195954140625 0.1782967578125 0.09764501249999999 0.1265619234375 0.1098816328125 0.10053980625 0.0881947375 0.1139319015625 0.068032765625 0.1405613890625 0.07432634375 0.198007675 0.089277275 0.23493957187499998 0.108380409375 0.272275109375 0.1405653078125 0.3622056046875 0.17442549375 0.431976321875 0.1864595328125 0.3938787140625 0.181690878125 0.34966981874999997 0.1742688359375 0.295558346875 0.1562767578125 0.23973044062499999
1 0.1629779109375 0.15909134375 0.1802728 0.26514137656250003 0.1701427421875 0.317891034375 0.1851284875 0.385138034375 0.18256213125 0.451023221875 0.1967462484375 0.47754703281250005 0.21577105312499997 0.44667358281249997 0.1968816125 0.2667559453125 0.17503805781249998 0.1437300640625 0.187274678125 0.11770794531249999 0.1791554484375 0.11381859999999999 0.16557907968750002 0.1235212640625 0.1629779109375 0.15909134375
1 0.17130990625 0.6769228375 0.1678897046875 0.6566121734375 0.186315465625 0.597091025 0.22455895468749998 0.5398408406249999 0.25645423749999996 0.541908075 0.2535982671875 0.5199300046875 0.223959909375 0.511193140625 0.19360695781249998 0.53752085 0.16141094843749998 0.6022479484375001 0.1501698359375 0.673489971875 0.1745449328125 0.7003155624999999 0.17130990625 0.6769228375
3 0.5658149296875 1 0.7759880078125 0.94368429375 0.554660578125 0.11767907500000001 0.153567425 0.2251516625 0.3611874109375 1 0.5658149296875 1
1 0.4469546828125 0.45295809218749994 0.4722817703125 0.48710970624999994 0.47867349375 0.4656861671875 0.4561762671875 0.43077629531249995 0.41517495000000004 0.3871785828125 0.360420790625 0.36394437343749997 0.30231605625 0.3810297109375 0.270085234375 0.41544170312500006 0.229558709375 0.4566251875 0.21206753125 0.50831480625 0.2213674453125 0.5543419968750001 0.23318149375 0.48901134218750003 0.2672988890625 0.4540938453125 0.3067056546875 0.42382395156249997 0.3553862234375 0.41684492031250003 0.3976663671875 0.42371065 0.4469546828125 0.45295809218749994
6 0.22010843281249998 0.4439951640625 0.2069546359375 0.4930063640625 0.2734595125 0.5600948515625 0.32616803125 0.6096529578125 0.38152123437499996 0.6615348671875 0.398147453125 0.6783069890625 0.39800579375 0.7192829328125 0.4319641234375 0.710183825 0.4190849421875 0.6696643625 0.375404128125 0.5934277421874999 0.3147615546875 0.5368982296875 0.2552561484375 0.484612678125 0.22010843281249998 0.4439951640625
1 0.2505397140625 0.48587644374999994 0.2908003265625 0.5418024 0.2941247921875 0.47874652187500005 0.30155553749999997 0.5404367718749999 0.32345372031249997 0.5466989437499999 0.31549355625 0.516991209375 0.28918836875 0.45277724218750004 0.2505397140625 0.48587644374999994
1 0.33011524375 0.7602174765624999 0.30384486875 0.726318615625 0.285271153125 0.657000565625 0.2872471671875 0.5700464562499999 0.2649612265625 0.554790853125 0.26257134375 0.6100152 0.256214434375 0.661753846875 0.27989234375 0.7388015625000001 0.31087915312500003 0.7714366578125 0.33011524375 0.7602174765624999
3 1 0.56247586875 0.8617722109375 0.046602737500000005 0.43975318124999996 0.1596823953125 0.6582778765625 0.9752276609375 1 0.88366349375 1 0.56247586875
1 0.704764040625 0.30958342031249997 0.7702385984375 0.3011368953125 0.76397983125 0.27400571406249996 0.6739624078124999 0.2738662625 0.59494629375 0.32233055781250003 0.5552213953125 0.4042372328125 0.567791146875 0.5039722531249999 0.5810145703125 0.5155912640625 0.591135925 0.45526283125000006 0.625007221875 0.370375959375 0.6681871359375 0.3390950546875 0.704764040625 0.30958342031249997
1 0.40384050781249997 0.2128176984375 0.3974835984375 0.2645563421875 0.41116440625 0.34579899687500004 0.4387919359375 0.4111748640625 0.4361385484375 0.4012722875 0.4597642390625 0.43284734374999995 0.44700060781250006 0.3286156078125 0.4514622390625 0.2698036921875 0.4343612296875 0.168250375 0.42457541406250005 0.1920995796875 0.40384050781249997 0.2128176984375
1 0.47605103125000003 0.15404718125 0.44701171874999995 0.17395801718749998 0.48102226718749996 0.21033156874999998 0.5788233828125 0.25083959375 0.623077028125 0.28972389375 0.5426888640625 0.17258095 0.47605103125000003 0.15404718125
1 0.7632889390625001 0.49404298593749996 0.705609184375 0.38820049375 0.648907528125 0.312420353125 0.623077028125 0.28972389375 0.7632889390625001 0.49404298593749996
1 0.6407708921874999 0.2933734546875 0.583565928125 0.27231215937500003 0.5397869703125 0.27494536406250003 0.5134010453125 0.3047587765625 0.4578080390625 0.37272263906249997 0.4801810125 0.46376600625000003 0.48711085625 0.41793873125000003 0.49329129375 0.3768609234375 0.5352992265625 0.31102094999999996 0.5890665828125 0.2966140296875 0.6294688546875 0.31156404375 0.6407708921874999 0.2933734546875
1 0.46598578437500005 0.5918997859374999 0.45306938125 0.683301584375 0.4551846484375 0.7176079015625 0.5219578453125 0.5253505796875 0.585924884375 0.518824215625 0.6394896578125 0.4923418046875 0.7444232000000001 0.4990980453125 0.6368014578125 0.45212412031250004 0.5766162687499999 0.46521824843750004 0.5034363500000001 0.5015051875000001 0.46598578437500005 0.5918997859374999
1 0.44086127968750005 0.569823665625 0.49312981875000006 0.56491568125 0.55723851875 0.5174133750000001 0.5256700703125 0.47128813281250004 0.484518390625 0.46108758749999995 0.43946931093749997 0.508031553125 0.44086127968750005 0.569823665625
1 0.7119462796875 0.4835406625 0.6560723609375 0.47122004375 0.6166568921875 0.4939111609375 0.5953925671875 0.5466117921875 0.5988562859375001 0.6048163375 0.6130055890625 0.6010250421875 0.6182253328125 0.5450424359375 0.6808526234375 0.5221966171875 0.7376872359375 0.5494220359375 0.761269409375 0.5431032124999999 0.7750222515625 0.5227397109374999 0.7119462796875 0.4835406625
1 0.914400025 0.45052044843749994 0.9457658906249999 0.48457019843750004 0.9651064203124999 0.5642963359375 0.9769726890625 0.5444383390625 0.9597039078125 0.4611246359375 0.8849207343750001 0.41596519218749994 0.796225653125 0.4169876421875 0.7610407171875 0.508291390625 0.7771114078125 0.5343096953125 0.7906529640625 0.4942919265625 0.8079763718749999 0.4608419203125 0.8702333093749999 0.44416022499999996 0.914400025 0.45052044843749994
6 0.781958390625 0.6467275781249999 0.7524442875 0.5818572171875 0.7350251437499999 0.5319406812499999 0.710482278125 0.5233547062499999 0.7362406390625 0.60439363125 0.7593282078125 0.6603724265625 0.781958390625 0.6467275781249999
6 0.738885325 0.6067174343749999 0.704452203125 0.5310353453125 0.7525313203125 0.6576449828125 0.738885325 0.6067174343749999
1 0.723696996875 0.527394940625 0.7826468765625 0.588926675 0.7909599859374999 0.5973127359375 0.802244615625 0.5639645953125 0.7744406125000001 0.5092495640625 0.71176980625 0.4942015015625 0.723696996875 0.527394940625
1 0.8060177640624999 0.5629535828125001 0.7983036984375 0.5832152203125001 0.8141892125 0.6123155875 0.8298112234374999 0.5762890265625 0.8769494609375 0.5409150484375 0.8539054078125 0.5228301359375 0.82089906875 0.539255265625 0.8060177640624999 0.5629535828125001
1 0.8685841312499999 0.487056328125 0.8388128171875 0.526874184375 0.8317064999999999 0.5833622968750001 0.8383704312500001 0.6346444625000001 0.87639393125 0.5501612312499999 0.906333015625 0.49210376250000004 0.9206326828125 0.45491529999999997 0.91946940625 0.4279350078125 0.8898571593750001 0.4419344734375 0.8685841312499999 0.487056328125
6 0.44010316875 0.5669943578125001 0.44581510937499996 0.6109504984374999 0.426639940625 0.675221115625 0.431214715625 0.7149332937499999 0.4532806671875 0.702955853125 0.45585572656249995 0.64464944375 0.468604359375 0.571487259375 0.44010316875 0.5669943578125001
6 0.5838333203125 0.669490596875 0.6072852234375 0.6999173171875 0.5911422203125001 0.6250779750000001 0.556170978125 0.5737996234375 0.507209496875 0.500494175 0.4845096875 0.45350881249999997 0.475120334375 0.4939302234375 0.5067061890625 0.5552130187500001 0.549443715625 0.6317023921875 0.5838333203125 0.669490596875
6 0.5751522671875 0.505032290625 0.5502651578125 0.5253467671875 0.5688214671875 0.579507265625 0.590401515625 0.6374062203124999 0.6004595390625 0.68626271875 0.6142820078125 0.726529428125 0.6327860984375 0.73521726875 0.6346465625000001 0.711975434375 0.6185497609375 0.6632207984375 0.6030084890625 0.6052199796875 0.5853867625 0.5432279515625 0.5751522671875 0.505032290625
6 0.5952596109375 0.5951665125 0.6200833890624999 0.6840369671875 0.6332894062500001 0.6804984265625 0.615262515625 0.5943554140625 0.5952596109375 0.5951665125
6 0.65670621875 0.5301828484375 0.704336653125 0.59474761875 0.727591990625 0.6324867984375 0.7540562453125 0.6708823749999999 0.759116921875 0.640718159375 0.730572215625 0.5983313734375 0.7076959328125 0.562006846875 0.6734915046875 0.5211365796874999 0.65670621875 0.5301828484375
4 0.4934123453125 0.7087233546875 0.5710823171875 0.998591640625 0.7829634296875 0.9418182671875 0.7052934578125 0.6519499828125 0.4934123453125 0.7087233546875
4 0.5658262484375001 1 0.582416853125 0.9955545609374999 0.507200128125 0.7148419171875 0.2839844796875 0.77465236875 0.3443661953125 1 0.5658262484375001 1
4 0.68086435 0.6444828203124999 0.762037553125 0.9474253390625 0.9817668125000001 0.8885490624999999 0.900593609375 0.58560654375 0.68086435 0.6444828203124999
5 0.6305060625000001 0.7546293515625 0.63299564375 0.75335578125 0.6335916875 0.7465246953125 0.6400060390625 0.744805975 0.6435639390625 0.753556459375 0.6481692671875 0.7541419312500001 0.6570697187500001 0.7481181296875 0.66174215625 0.7414077578125 0.6750997937500001 0.7384350765625001 0.678791909375 0.7325938671875 0.6753150437500001 0.72867358125 0.667687715625 0.725865409375 0.658618234375 0.71616579375 0.6426054671875 0.707720140625 0.6384480421875 0.7027692328125 0.6330880828125001 0.7023859625 0.6276575359375001 0.706267028125 0.630086971875 0.718352325 0.6281402515625001 0.7322166984375 0.622106696875 0.736865828125 0.620978234375 0.7402006421875 0.6243775484375 0.7423222421875 0.6305060625000001 0.7546293515625
5 0.6137953281249999 0.7299955234375 0.6063797671875 0.71439434375 0.6030580046875 0.71407143125 0.5977790796875 0.718518359375 0.5932443390625 0.7136685515625001 0.5917281171875 0.7080099343749999 0.5893866765625 0.70681785625 0.590232784375 0.7205403828125 0.58706960625 0.72684635 0.5736378953125 0.7310518546875 0.5649029921875 0.7497675593750001 0.5625754765625001 0.7607015234375 0.551940075 0.7677966921875 0.5488822984375 0.8001534328125001 0.5504020015625 0.8088435578125001 0.5527434421875 0.8100356390625001 0.5560443171875 0.7921694875 0.6059631953125 0.746043375 0.6108682875 0.744729059375 0.6137953281249999 0.7299955234375