3 0.20682558593749997 0 0 0.8295321124999999 0 0.8658410546875001 0.538082140625 1 0.655843053125 1 0.885050990625 0.0806971796875 0.5613922812500001 0 0.20682558593749997 0
0 0.431600034375 0.8425742375 0.41415211718749995 0.8168809578125 0.3976105546875 0.8228004609375 0.3798742859375 0.808334534375 0.3603825046875 0.8210512984375 0.3154794359375 0.8299432609374999 0.31726354687499997 0.8479646984375 0.3332315859375 0.8695225890625 0.33058560312499996 0.8902058984375 0.332071834375 0.904386653125 0.34537482656249996 0.9164917640624999 0.3707765828125 0.9052485234375001 0.39353870625 0.9247339515625 0.41835105156249996 0.9158546984375 0.41507435781249996 0.8736071453124999 0.431600034375 0.8425742375
0 0.3095504015625 0.798333653125 0.3101588734375 0.8261057515625 0.319041303125 0.855940775 0.33913520468749997 0.8609507484375 0.3627655546875 0.851776790625 0.3639284859375 0.8219354093750001 0.36599141562500004 0.81366145 0.3878408328125 0.7914887359375 0.3875270671875 0.76253464375 0.3709918578125 0.7784995078125 0.352374653125 0.7726022453125 0.3311019375 0.7723202515625001 0.311898503125 0.7738096578125 0.3095504015625 0.798333653125
0 0.46524079843750005 0.7781444390625001 0.4761575640625 0.754501378125 0.4569445984375 0.7409227421875 0.45545519062500006 0.721719309375 0.434775059375 0.72409600625 0.42589580781249997 0.6992836609374999 0.4087711875 0.7176125125 0.38277685 0.7261970609375 0.3783626390625 0.7539723359375 0.37305796406249997 0.7752482296875 0.39730313906250003 0.80389173125 0.415311871875 0.7820168953125 0.4345280140625 0.8006182125000001 0.48505270468750006 0.804427128125 0.46524079843750005 0.7781444390625001
0 0.299753171875 0.859788703125 0.3139243484375 0.8435903265625001 0.30750634374999997 0.8158590406249999 0.31451111875 0.7792088109375 0.305598925 0.7764534624999999 0.292430553125 0.790768715625 0.2659497328125 0.7900324703125 0.2626963578125 0.8052199453125001 0.2630800015625 0.8165146390625001 0.24965316875000002 0.81903311875 0.24087560312499998 0.8307101078124999 0.2312244640625 0.8501686062499999 0.2509319765625 0.856682103125 0.2647370546875 0.85692436875 0.276540571875 0.8673333453125001 0.299753171875 0.859788703125
0 0.26794454375 0.7691983234374999 0.2668260046875 0.7865179343750001 0.287662853125 0.7927797203125 0.31425940625000004 0.778079478125 0.3392286 0.7699062265625 0.3661818046875 0.7238309296875001 0.36592199375 0.7099006718750001 0.3462185328125 0.7097876359375 0.331167034375 0.7231000828124999 0.30342225156249997 0.7081832140625 0.2873639046875 0.716978325 0.2951494625 0.7242523609375 0.289391103125 0.747347875 0.26794454375 0.7691983234374999
1 0.4617403140625 0.610068109375 0.441672103125 0.6285292015625 0.41057845625 0.6762386078125 0.36178964687500004 0.72433570625 0.3351957921875 0.7433029234374999 0.34072807968749996 0.7596143359374999 0.37209503593750004 0.7471700609374999 0.413861521875 0.70798785625 0.46576907187499994 0.6302709484375 0.4617403140625 0.610068109375
1 0.4887475046875 0.6493323078125 0.5438817703125001 0.7126745828125001 0.6475801203125 0.7694601750000001 0.7449802484375 0.789478453125 0.7832483921875 0.7750218234374999 0.7789746703125 0.764357084375 0.720239825 0.76251175 0.637519696875 0.7370877171875 0.58203148125 0.7093874687499999 0.557923715625 0.690577821875 0.5100837265625 0.6514523 0.484207225 0.614069875 0.466363940625 0.57869035625 0.4666359 0.6118220015625 0.4887475046875 0.6493323078125
1 0.5712321140625 0.6992288578125 0.6367578109375 0.723032275 0.6781770921875 0.730159534375 0.7115564015625 0.7246164515625 0.7390346250000001 0.714935621875 0.7365174953125 0.703642278125 0.719197884375 0.7025237375 0.6791663984375 0.7069415390625 0.63548575 0.6960507296875 0.6034766921875 0.6854035359374999 0.5740991453125 0.6684797125 0.542709246875 0.6446546984375 0.513949515625 0.61241956875 0.49662045624999995 0.5963666203125 0.47199981874999997 0.5603638906249999 0.4633487859375 0.573672290625 0.4668687171875 0.5830825140625 0.510585803125 0.65157748125 0.5712321140625 0.6992288578125
1 0.4648955015625 0.638052459375 0.4701909203125 0.676702896875 0.49141950625 0.7070603015625 0.5067335140625 0.7119450859375 0.4974322765625 0.68936109375 0.48736510624999996 0.6463212 0.4690224484375 0.6150834765625001 0.4648955015625 0.638052459375
1 0.4974022578125 0.4435079671875 0.47294863906250006 0.473141271875 0.48061306249999997 0.4873178453125 0.50222259375 0.5247029703125 0.5391488265625 0.5712398546874999 0.5849791609375 0.6077311640625 0.64222531875 0.636936290625 0.732354109375 0.6690071015625 0.737994034375 0.6570811015625 0.6773639203124999 0.635031575 0.6166018765625 0.6028166875000001 0.5705198328125001 0.5651960453125 0.5332167046875 0.5180319 0.5098478828124999 0.47700840937500005 0.4974022578125 0.4435079671875
1 0.4753419359375 0.4870701796875 0.47071831093750005 0.5184479328125 0.494081734375 0.5509374765625 0.5513481359375 0.6121449140624999 0.5866281156250001 0.63533996875 0.66345390625 0.6672936953125 0.7190511093749999 0.6688900171875 0.7300900421875001 0.660976578125 0.6689619015625 0.6452023328125 0.621391171875 0.63494148125 0.5746886171875001 0.60836516875 0.5159186859375 0.5510491609375 0.48752505 0.5023733890625001 0.4753419359375 0.4870701796875
1 0.465964103125 0.5417938125 0.47966424218750003 0.5745404640625 0.5002615234375 0.598874303125 0.5265054734375 0.621949575 0.5560095484375001 0.6405048078125 0.6020767515625 0.654657090625 0.617266921875 0.6621774390625 0.6516611812499999 0.67395261875 0.69107350625 0.6827126390625 0.72093963125 0.67842676875 0.7206798203125 0.6644965109375 0.688806740625 0.6704151390625 0.6436198640625 0.6591487859375 0.5981785734375 0.6424861234375 0.544572128125 0.6136551921875 0.5115427218749999 0.5771557859375 0.4707169609375 0.5163144468749999 0.465964103125 0.5417938125
1 0.48633903125 0.41301863125000005 0.5176307421875 0.48001546875 0.558323225 0.5285579625 0.614445446875 0.5665487515625001 0.6511024234375 0.5842209656249999 0.684609615625 0.5824427796875 0.6763165812499999 0.5665096140625 0.62811589375 0.5523586828125 0.5783954828125 0.5164973296875 0.53682268125 0.46506891250000004 0.5149614375 0.42655445312499995 0.50125455 0.38314036093750004 0.48633903125 0.41301863125000005
1 0.43435758125 0.5723101374999999 0.46395714843749997 0.5434265734375 0.46844614531250006 0.49761648437500006 0.44387139062500003 0.53415233125 0.40874493593750005 0.555258434375 0.3495255609375 0.5810232515625 0.286281475 0.5929856921875001 0.22541584375 0.59540868125 0.1921522671875 0.585515278125 0.21739206718749998 0.6083401875 0.2752533390625 0.61796703125 0.334733875 0.6082659593749999 0.385175684375 0.5941781296875 0.43435758125 0.5723101374999999
1 0.4483630890625 0.49260921562500004 0.4157524125 0.5228751796875 0.36143131875 0.5546608640625 0.2973150109375 0.576538303125 0.2333198359375 0.591513203125 0.186638875 0.5990726890625 0.2177716609375 0.6132344187500001 0.2790168875 0.6157056640625 0.3795168671875 0.5762353078125 0.43421350781249995 0.542943390625 0.4670664484375 0.4988723515625 0.4718193046875 0.47339298437500005 0.4483630890625 0.49260921562500004
1 0.4550112140625 0.48733404062499996 0.47883757656250003 0.45807762968750004 0.47631504687500004 0.438250334375 0.4758129734375 0.438125153125 0.44144975468750003 0.475420184375 0.36968926406249997 0.5151233609375 0.2688042921875 0.5411655328125 0.2029205953125 0.5466036796875 0.21259332656250002 0.5612809796875 0.2565216390625 0.5669006624999999 0.3388378796875 0.5490276875 0.4063394921875 0.5221281375 0.4550112140625 0.48733404062499996
1 0.47528525468750005 0.39746370937500003 0.40416012031250004 0.449590915625 0.32574205625 0.47963485625 0.2357654375 0.48973171562499995 0.24393463906249999 0.5083004453125 0.2514630875 0.505911196875 0.301291134375 0.5135351359375 0.3592654421875 0.50345851875 0.42752084375 0.47781348125 0.473808715625 0.4440248875 0.47528525468750005 0.39746370937500003
1 0.2347224765625 0.6265266234375 0.2676132046875 0.64219323125 0.3104121828125 0.6480646250000001 0.34868572656249996 0.642141946875 0.387710359375 0.6332068109375 0.433373671875 0.6040620859375 0.4666129578125 0.575552715625 0.47350199843749996 0.5543389765625 0.4665873140625 0.5350164546875 0.443390909375 0.5681629484374999 0.42369689375 0.5829843218749999 0.3866859640625 0.6009541359374999 0.3289687671875 0.6206940359375 0.29081905625000004 0.6239811515625 0.254797434375 0.6187329671875 0.24136385468750002 0.6105840109375 0.2347224765625 0.6265266234375
1 0.22822517343749998 0.6718359828125 0.2919848296875 0.6813336 0.34017472031249996 0.67841663125 0.3862243734375 0.6648335765625 0.42574433593750005 0.645356184375 0.4484454140625 0.622751946875 0.46462354531249994 0.6049208125 0.46272692343750005 0.5825831359375 0.4150580046875 0.6154941093749999 0.3703961453125 0.6406222203125 0.31845080625 0.6586014828125 0.25846009375 0.65537645 0.20323168749999998 0.6416064609375 0.1663243484375 0.6249383984375 0.17122937656249998 0.641626703125 0.22822517343749998 0.6718359828125
5 0.47172861250000003 0.226918771875 0.4658280796875 0.2505845203125 0.4919735890625 0.28014550312500003 0.5033306546875 0.31020879843750004 0.51417480625 0.30872306250000003 0.5289738515625 0.3249813375 0.5250401625000001 0.3407585046875 0.5536283234375 0.335317875 0.5797420265625 0.3145970921875 0.6487618281249999 0.3234266875 0.6679809718749999 0.31355535625000003 0.6915937109375 0.2356529484375 0.6851855625 0.23614996093750001 0.6693924921875001 0.20707538906249998 0.6762870515625 0.19622593593749998 0.67133283125 0.157285334375 0.6772174625 0.1084787 0.6890397359375 0.0946683796875 0.697382921875 0.03600101875 0.6875221921875 0.033542462499999995 0.662894225 0.065107396875 0.6416923328124999 0.05772642812499999 0.6323021109375 0.01977455 0.6204692359374999 0.0168242828125 0.6224572859374999 0.0424568765625 0.6422052484375 0.089275459375 0.6338673625 0.156323115625 0.6166203640625 0.1666861578125 0.6072460453125 0.1538751625 0.598374040625 0.155852609375 0.6097311078125001 0.18591590468750002 0.5772198578125 0.22389428906250003 0.5180713875 0.23428383749999998 0.47172861250000003 0.226918771875
5 0.5708488171874999 0.2830533609375 0.54918171875 0.319546009375 0.5388292796874999 0.3190596 0.5309512984375 0.33385334375000003 0.53883988125 0.3358201875 0.5565838921874999 0.33186529375 0.545739740625 0.3333510296875 0.54376229375 0.324479025 0.575295421875 0.2988252265625 0.5767599531250001 0.2761482 0.5876041046875 0.2746624640625 0.5920242046874999 0.24853285781249998 0.6275016234375 0.22386248281249999 0.622076896875 0.22041520312500001 0.6122214703125 0.22633694218749997 0.6092606 0.22140922812500002 0.6260052859374999 0.1962577421875 0.6230444171875 0.1913300296875 0.6269860578124999 0.1881233046875 0.6166362671875001 0.191827040625 0.6117191562500001 0.2115484984375 0.5949691703125 0.22831968906250003 0.58020193125 0.2623431796875 0.5733020718749999 0.2648123375 0.576754653125 0.26776790625 0.546178440625 0.24757594218749998 0.5466807546875 0.262364384375 0.561469196875 0.261862071875 0.5708488171874999 0.2830533609375
5 0.6584794281249999 0.09961729687500001 0.6540487265625 0.10898631562500001 0.6466518531250001 0.105047325 0.645197925 0.14448493906249998 0.6311995359375 0.184695425 0.6388109796875 0.17850312968749998 0.6668597218750001 0.099611996875 0.6584794281249999 0.09961729687500001
4 0.44953104687499995 0.3132178359375 0.5739931671875 0.344249728125 0.5991392765625 0.24339419218749997 0.47467715625 0.21236230156250002 0.44953104687499995 0.3132178359375
5 0.324039325 0 0.3118787828125 0.0194842796875 0.2892706703125 0.126963575 0.3455324859375 0.228970434375 0.4007631703125 0.259498934375 0.41260134531250003 0.2708294953125 0.410148090625 0.28907051875 0.45156845468749995 0.30777674843749997 0.4959602890625 0.3481712796875 0.49988867656249997 0.32401381875 0.4767146390625 0.3161411390625 0.4619049921875 0.283122275 0.4382339421875 0.268841446875 0.41898829062500004 0.23681130625 0.44411327187499994 0.21165452031249998 0.442627534375 0.20081036874999997 0.47561989374999997 0.1440992515625 0.490894746875 0.1332444984375 0.4824561390625 0.0410665609375 0.47506456718749995 0.0455078640625 0.42939789531250006 0.0354310984375 0.4406499828125 0 0.324039325 0