2 0.859259259375 0.10555555624999999 0.00555555625 0.10555555624999999 0.00555555625 0.9515277781249999 0.859259259375 0.9515277781249999 0.859259259375 0.10555555624999999
1 0.2166666671875 0.3548611109375 0.2388888890625 0.3604166671875 0.2546296296875 0.3736111109375 0.352777778125 0.41944444374999995 0.4620370375 0.4576388890625 0.48055555625 0.459722221875 0.4824074078125 0.44097222187499996 0.4768518515625 0.409027778125 0.4796296296875 0.3763888890625 0.4675925921875 0.3583333328125 0.43518518593750005 0.321527778125 0.36759259218749996 0.28055555625 0.3333333328125 0.2638888890625 0.3009259265625 0.2520833328125 0.25648148125 0.24236111093749999 0.23333333281250002 0.23958333281250002 0.19351851874999998 0.240277778125 0.15277777812499999 0.2479166671875 0.13148148125 0.25555555625 0.0861111109375 0.2826388890625 0.0870370375 0.2875 0.11388888906250001 0.2986111109375 0.190740740625 0.3416666671875 0.2166666671875 0.3548611109375
1 0.54444444375 0.45277777812500003 0.546296296875 0.4451388890625 0.5722222218749999 0.43541666718750005 0.5925925921874999 0.43541666718750005 0.5990740734375 0.4388888890625 0.6138888890625 0.41875 0.74444444375 0.3104166671875 0.8 0.2479166671875 0.8259259265625 0.209027778125 0.8361111109375001 0.1854166671875 0.8361111109375001 0.1625 0.8240740734375 0.146527778125 0.7888888890625 0.13263888906250001 0.753703703125 0.13263888906250001 0.725 0.140972221875 0.68148148125 0.16180555624999998 0.634259259375 0.19305555624999998 0.5944444437499999 0.22638888906250001 0.5601851859375 0.26319444375 0.5296296296875 0.30555555624999997 0.48333333281249996 0.3854166671875 0.4796296296875 0.42083333281249996 0.4861111109375 0.4486111109375 0.5296296296875 0.45416666718750004 0.54444444375 0.45277777812500003
1 0.55648148125 0.5208333328125 0.5638888890625 0.5173611109375 0.5851851859375 0.49375 0.6546296296875 0.43541666718750005 0.6601851859375001 0.4236111109375 0.6583333328125 0.41944444374999995 0.625 0.4145833328125 0.5953703703125 0.42291666718750004 0.565740740625 0.43680555625000006 0.55648148125 0.43819444374999994 0.5287037031249999 0.45694444375 0.5166666671875 0.4701388890625 0.5148148140625 0.478472221875 0.5333333328125 0.5006944437499999 0.5305555562500001 0.5208333328125 0.55648148125 0.5208333328125
1 0.3351851859375 0.5527777781250001 0.3453703703125 0.515277778125 0.375 0.46875 0.378703703125 0.43541666718750005 0.3731481484375 0.4263888890625 0.32592592656249997 0.40277777812500004 0.3101851859375 0.3986111109375 0.29814814843750004 0.4076388890625 0.2851851859375 0.43125 0.28611111093749997 0.4388888890625 0.272222221875 0.5013888890625 0.29444444375 0.5458333328125 0.3351851859375 0.5527777781250001
1 0.1111111109375 0.5618055562500001 0.12870370312499999 0.5520833328125 0.13333333281249998 0.54444444375 0.15092592656249998 0.5305555562500001 0.19351851874999998 0.50625 0.2629629625 0.5201388890625 0.2675925921875 0.52569444375 0.27870370312500004 0.5263888890625 0.28148148125 0.5166666671875 0.23611111093749998 0.49791666718750005 0.17314814843749998 0.49305555625 0.12407407343750002 0.48402777812500003 0.10555555624999999 0.4916666671875 0.0981481484375 0.49791666718750005 0.0861111109375 0.5208333328125 0.08333333281250001 0.5375 0.08796296249999999 0.5486111109375 0.0953703703125 0.5555555562500001 0.1111111109375 0.5618055562500001
6 0.36944444375 0.6479166671875001 0.3879629625 0.6493055562500001 0.39351851875 0.64444444375 0.3953703703125 0.6263888890625 0.3768518515625 0.60694444375 0.36759259218749996 0.5916666671875 0.33888888906250003 0.565277778125 0.32592592656249997 0.540277778125 0.3296296296875 0.5236111109375 0.28611111093749997 0.5215277781250001 0.2851851859375 0.54375 0.3333333328125 0.602777778125 0.3425925921875 0.6201388890625 0.36944444375 0.6479166671875001
1 0.3990740734375 0.5875 0.42314814843750004 0.54305555625 0.4240740734375 0.5326388890625 0.41944444374999995 0.5305555562500001 0.41944444374999995 0.525 0.40092592656250003 0.5229166671875001 0.3861111109375 0.5270833328125 0.3768518515625 0.5243055562500001 0.38055555625 0.528472221875 0.3796296296875 0.5395833328124999 0.365740740625 0.546527778125 0.35555555625 0.5673611109375 0.3546296296875 0.5763888890625 0.3925925921875 0.6243055562500001 0.396296296875 0.61944444375 0.3990740734375 0.5875
6 0.425 0.64444444375 0.4509259265625 0.625 0.46666666718750005 0.5916666671875 0.48425925937500003 0.5694444437499999 0.48333333281249996 0.5645833328125 0.46388888906250003 0.5618055562500001 0.47222222187499996 0.5291666671875 0.4824074078125 0.528472221875 0.49351851875 0.5111111109375 0.49351851875 0.490972221875 0.4861111109375 0.475 0.4703703703125 0.47569444375 0.4546296296875 0.48472222187499997 0.3990740734375 0.5875 0.396296296875 0.59930555625 0.3981481484375 0.6354166671875 0.4074074078125 0.6416666671875 0.425 0.64444444375
4 0.61851851875 0.6375 0.2148148140625 0.6375 0.2148148140625 0.93194444375 0.61851851875 0.93194444375 0.61851851875 0.6375
6 0.45277777812500003 0.6659722218749999 0.4703703703125 0.671527778125 0.48148148125 0.66875 0.5175925921875 0.61875 0.503703703125 0.6201388890625 0.48425925937500003 0.6152777781250001 0.478703703125 0.6104166671875 0.4824074078125 0.6041666671875 0.4824074078125 0.59930555625 0.4796296296875 0.6 0.46851851875 0.6208333328125 0.4379629625 0.6347222218749999 0.43981481406249995 0.652777778125 0.45277777812500003 0.6659722218749999
5 0.15648148125 0.8819444437499999 0.146296296875 0.86875 0.1425925921875 0.8680555562500001 0.1416666671875 0.8854166671874999 0.15370370312499998 0.8916666671875 0.1574074078125 0.88819444375 0.15648148125 0.8819444437499999
5 0.1268518515625 0.8458333328125001 0.1231481484375 0.85555555625 0.1046296296875 0.8798611109375001 0.109259259375 0.8833333328125 0.12407407343750002 0.872222221875 0.1324074078125 0.859027778125 0.1379629625 0.859027778125 0.147222221875 0.8458333328125001 0.1453703703125 0.840277778125 0.1490740734375 0.8326388890624999 0.1861111109375 0.7770833328125 0.1888888890625 0.765972221875 0.1675925921875 0.7826388890625 0.1629629625 0.790277778125 0.13981481406250001 0.8020833328125001 0.134259259375 0.815277778125 0.10648148125000001 0.8388888890624999 0.10370370312499999 0.846527778125 0.12129629687500001 0.8388888890624999 0.12407407343750002 0.8388888890624999 0.1268518515625 0.8458333328125001
5 0.16388888906250001 0.8520833328125 0.1490740734375 0.8548611109375001 0.1416666671875 0.859722221875 0.1379629625 0.8645833328125001 0.146296296875 0.865972221875 0.15648148125 0.8611111109375 0.16388888906250001 0.8520833328125
5 0.2259259265625 0.8145833328125001 0.23611111093749998 0.7958333328125 0.2379629625 0.78680555625 0.23240740781250002 0.7833333328125 0.23240740781250002 0.7791666671875 0.2398148140625 0.765972221875 0.2259259265625 0.778472221875 0.21203703749999997 0.803472221875 0.18055555625 0.8298611109375 0.177777778125 0.8340277781250001 0.18148148125000002 0.8416666671874999 0.2166666671875 0.8236111109375001 0.2259259265625 0.8145833328125001
5 0 0.6625 0.0129629625 0.66180555625 0.025 0.6555555562500001 0.0546296296875 0.6479166671875001 0.10648148125000001 0.6486111109375 0.19444444375 0.6729166671875 0.21296296250000002 0.684722221875 0.2666666671875 0.7020833328125 0.30555555624999997 0.70694444375 0.3240740734375 0.70625 0.3416666671875 0.70069444375 0.3425925921875 0.6958333328124999 0.3379629625 0.690972221875 0.340740740625 0.671527778125 0.352777778125 0.66944444375 0.3509259265625 0.66180555625 0.321296296875 0.66180555625 0.3018518515625 0.6645833328124999 0.29907407343750003 0.6673611109375 0.2870370375 0.66180555625 0.26203703749999996 0.6583333328125 0.25833333281250004 0.66180555625 0.2638888890625 0.6631944437499999 0.25833333281250004 0.671527778125 0.246296296875 0.6770833328125 0.2398148140625 0.6736111109375 0.23611111093749998 0.6763888890625 0.17962962968750001 0.6611111109375 0.1175925921875 0.6375 0.10833333281249999 0.6395833328125 0.0620370375 0.63819444375 0.0074074078125 0.6520833328125 0.004629629687499999 0.65069444375 0 0.6541666671875 0 0.6625
5 0.2018518515625 0.7138888890625 0.21296296250000002 0.709722221875 0.2175925921875 0.7041666671875 0.1916666671875 0.7013888890625 0.1296296296875 0.70555555625 0.127777778125 0.709722221875 0.13888888906250002 0.715972221875 0.1546296296875 0.7180555562500001 0.2018518515625 0.7138888890625
5 0.3731481484375 0.8923611109375 0.38055555625 0.8916666671875 0.384259259375 0.8958333328125001 0.3925925921875 0.8951388890624999 0.397222221875 0.8770833328125001 0.3925925921875 0.8729166671874999 0.38703703749999996 0.846527778125 0.3898148140625 0.82569444375 0.38703703749999996 0.8194444437499999 0.396296296875 0.7881944437499999 0.41203703750000004 0.752777778125 0.409259259375 0.7493055562500001 0.403703703125 0.7513888890625 0.3990740734375 0.76180555625 0.3916666671875 0.7625 0.39351851875 0.7673611109375 0.3861111109375 0.7861111109375 0.3759259265625 0.7986111109375 0.36759259218749996 0.8333333328125001 0.36296296250000004 0.8652777781250001 0.3703703703125 0.8680555562500001 0.3731481484375 0.8743055562500001 0.3731481484375 0.8923611109375
5 0.209259259375 0.8993055562500001 0.234259259375 0.8666666671875 0.24814814843750002 0.8625 0.25555555625 0.86319444375 0.26574074062499997 0.8534722218749999 0.2796296296875 0.82569444375 0.290740740625 0.7909722218749999 0.2824074078125 0.778472221875 0.275 0.7805555562500001 0.2648148140625 0.79375 0.26203703749999996 0.8118055562500001 0.246296296875 0.847222221875 0.2416666671875 0.852777778125 0.225 0.859027778125 0.2175925921875 0.8680555562500001 0.2148148140625 0.8833333328125 0.20370370312500002 0.8965277781250001 0.20277777812500003 0.903472221875 0.209259259375 0.8993055562500001
5 0.24259259218749998 0.7791666671875 0.2416666671875 0.7708333328125 0.24814814843750002 0.7673611109375 0.252777778125 0.74375 0.24351851875000002 0.7513888890625 0.2416666671875 0.76319444375 0.23611111093749998 0.7708333328125 0.2388888890625 0.7798611109375 0.24259259218749998 0.7791666671875
5 0.2379629625 0.715972221875 0.2388888890625 0.709722221875 0.23518518593749999 0.7104166671875001 0.1925925921875 0.76180555625 0.1925925921875 0.7645833328125 0.197222221875 0.7638888890625 0.2175925921875 0.74375 0.2379629625 0.715972221875
5 0.6620370375 0.69930555625 0.6629629625 0.69305555625 0.6453703703125 0.684027778125 0.609259259375 0.684722221875 0.5888888890625 0.690277778125 0.540740740625 0.69375 0.5287037031249999 0.6986111109375 0.5259259265625 0.70069444375 0.5287037031249999 0.7048611109375 0.65 0.6958333328124999 0.6620370375 0.69930555625
5 0.31759259218749997 0.897222221875 0.3203703703125 0.8875 0.31759259218749997 0.884027778125 0.302777778125 0.8847222218749999 0.29722222187499997 0.8923611109375 0.2851851859375 0.8993055562500001 0.2759259265625 0.8993055562500001 0.271296296875 0.915277778125 0.27870370312500004 0.921527778125 0.2870370375 0.91875 0.31759259218749997 0.897222221875
5 0.5287037031249999 0.7833333328125 0.5370370375 0.7833333328125 0.5490740734374999 0.7763888890625 0.5601851859375 0.778472221875 0.565740740625 0.7951388890625 0.571296296875 0.8013888890624999 0.590740740625 0.7861111109375 0.6009259265625 0.7888888890625 0.61851851875 0.78680555625 0.6166666671875001 0.7826388890625 0.6083333328125 0.7798611109375 0.5990740734375 0.7666666671875 0.5888888890625 0.7673611109375 0.5481481484375 0.7569444437499999 0.5305555562500001 0.7604166671875 0.50555555625 0.759027778125 0.49351851875 0.76319444375 0.4953703703125 0.76875 0.50648148125 0.765972221875 0.5138888890625 0.76805555625 0.5287037031249999 0.7833333328125
5 0.43333333281249997 0.6888888890625 0.434259259375 0.6770833328125 0.42870370312499995 0.672222221875 0.4175925921875 0.672222221875 0.4074074078125 0.6854166671875 0.40648148125 0.7166666671875 0.40833333281249995 0.71875 0.41944444374999995 0.7180555562500001 0.43333333281249997 0.6888888890625