3 0.264010421875 1 0.5158565859375 0.9690771796875 0.39904692656249996 0.0177388453125 0 0.06673564843749999 0 0.375013190625 0.07673873125 1 0.264010421875 1
1 0.079350325 0.575848409375 0.0529268953125 0.5289238843749999 0.0338213375 0.541598646875 0.03167695625 0.58022640625 0.042361271875 0.65121679375 0.062408782812499994 0.6782663953125 0.10283600781249999 0.7190448015625 0.183874075 0.6899123453125 0.21259560624999999 0.6834346734375 0.227799265625 0.655007884375 0.1780088453125 0.6581702671875 0.1573737859375 0.650375040625 0.11661435625000001 0.6229174296875 0.079350325 0.575848409375
1 0.229608878125 0.685772375 0.18749586406250002 0.6953698703125 0.1452786609375 0.7521979609375 0.1043381796875 0.7793581640625 0.08995265 0.7663689234375 0.07735196718750001 0.7679160921875 0.11272952656249999 0.7916078421875 0.1662185953125 0.7865157671875 0.22141821562500003 0.74727586875 0.229608878125 0.685772375
1 0.27010504062499996 1 0.26683531718750003 0.9969705859375001 0.267807165625 0.94078011875 0.278804053125 0.8700787265625 0.27457251562499996 0.8115760421875 0.2611835984375 0.7586244125 0.24904407499999998 0.7158482703125 0.22361469375 0.6850328125 0.218356646875 0.76240734375 0.222203884375 0.857846121875 0.2184779046875 0.8996191906250001 0.218450575 0.939462565625 0.234135028125 0.9950834515625001 0.2423598953125 1 0.27010504062499996 1
1 0.3063282859375 0.8298102671875001 0.2564439375 0.6559174296875 0.227239046875 0.6344188828124999 0.2240237578125 0.664324796875 0.25108426562499997 0.7244511046875 0.262380896875 0.7924151968750001 0.291533690625 0.837529040625 0.315225190625 0.9423356984375 0.3309617375 0.9743412875 0.34718421093749996 0.97825164375 0.35325525468749996 0.9716039875 0.3321616015625 0.95206061875 0.3063282859375 0.8298102671875001
1 0.2398670609375 0.5930283390625 0.26407437968749997 0.5738249343749999 0.258489259375 0.5523773578125 0.22969086875000003 0.5662422484375 0.172785825 0.5274870640625 0.13340474375 0.47920242812499997 0.128967390625 0.459089478125 0.1232037859375 0.436188259375 0.11065263125 0.470191584375 0.14776294375000001 0.53203504375 0.20186176093750002 0.579988128125 0.2398670609375 0.5930283390625
3 0.4694427296875 0 0.177537528125 0.0358414515625 0.281753309375 0.88461086875 0.69390034375 0.8340055749999999 0.5914973359375 0 0.4694427296875 0
1 0.2567266125 0.610140478125 0.2212995234375 0.5539925703125 0.2299188828125 0.600152046875 0.2654996921875 0.6415255156249999 0.3185028359375 0.664528675 0.36127769375 0.6843610390625 0.42155174687499997 0.6784358734375 0.4636152296875 0.6363822203125 0.4852989984375 0.5805997609375 0.4930805953125 0.53980428125 0.47912889375 0.522335103125 0.468439446875 0.563487621875 0.4336964015625 0.6090691078125 0.3970668828125 0.631273321875 0.3493166546875 0.6430385375000001 0.3014400359375 0.629734815625 0.2567266125 0.610140478125
6 0.3581819859375 0.3306076390625 0.32328778593749996 0.3348921078125 0.33876898906249997 0.3728312734375 0.329636375 0.39461040625 0.2977490828125 0.46345015 0.2674433890625 0.529144584375 0.23091293125 0.6162611124999999 0.2614688390625 0.65677600625 0.2788416453125 0.6059495359375 0.314427584375 0.5351801 0.3494780703125 0.460049740625 0.3614194765625 0.37300125624999997 0.3581819859375 0.3306076390625
1 0.317077525 0.5968280921875 0.29037398593749997 0.5396090671875 0.273995228125 0.6065446015625 0.322228815625 0.6227556062499999 0.3225635859375 0.55336335625 0.3188154078125 0.52283689375 0.30085761718750004 0.5368462828125 0.317077525 0.5968280921875
1 0.2615508296875 0.5372458796874999 0.27649914375 0.5147526703125 0.2420934328125 0.43487045156250004 0.23334768437500003 0.36364203906250003 0.24500641406249998 0.3223705078125 0.22296824218750003 0.31917422968750003 0.2064630953125 0.361040825 0.21337190156250002 0.44134812500000004 0.2386475640625 0.486938021875 0.2615508296875 0.5372458796874999
3 0.46941869531249997 0 0.4687292765625 0.00008465 0.571625340625 0.83810584375 1 0.7855080484375 1 0.74189928125 0.9089062234374999 0 0.46941869531249997 0
1 0.561366825 0.4709219796875 0.58707375 0.5681033921875 0.654588815625 0.62916473125 0.746006325 0.6445000859375 0.8294167874999999 0.6106496671875 0.8250562953125 0.5831494984375001 0.76118521875 0.59984521875 0.71621645 0.58618445625 0.6644626984374999 0.5733567875000001 0.6012585968749999 0.5073394625 0.5692748109375 0.45519543906250004 0.561366825 0.4709219796875
1 0.48784987968750004 0.5773354390625001 0.4777727453125 0.6154616625 0.476523353125 0.605286175 0.475397784375 0.6762510796875 0.49314719374999993 0.756702878125 0.5184228546874999 0.8022927718749999 0.54540906875 0.8137348453125 0.5634163890624999 0.8321816125 0.5412296265625 0.7316168656250001 0.5150615421875 0.6787587625 0.48784987968750004 0.5773354390625001
1 0.5730075968749999 0.8221506218749999 0.607391109375 0.829733309375 0.6622337609375 0.7875861265624999 0.6928858484375 0.64885914375 0.6664209 0.701489746875 0.5909158578125 0.7756850765625 0.5730075968749999 0.8221506218749999
1 0.6928858484375 0.64885914375 0.708333228125 0.6181390765625 0.7325183484375 0.526636140625 0.746348790625 0.40689347500000006 0.6928858484375 0.64885914375
1 0.5187900859375 0.5809142421875 0.495197646875 0.541019896875 0.5085592328125 0.6338149015625001 0.5855638828124999 0.6760043890625 0.6211967859375 0.6937625640625 0.6627743453125 0.6798041421875001 0.7079241640625 0.6388470921875 0.6906307843749999 0.6262148890625 0.6587708234375 0.6552112578125 0.603521671875 0.6619950015625 0.5399085046875001 0.6166856890625 0.5187900859375 0.5809142421875
1 0.63220136875 0.45484680937500005 0.572616490625 0.4503584625 0.510862465625 0.46826979687500003 0.376930575 0.31502559375 0.38782070625 0.3476262484375 0.4340363015625 0.4275339515625 0.502622275 0.4973171359375 0.584066840625 0.50354811875 0.644774721875 0.493143015625 0.7269631234375 0.40927373593749994 0.63220136875 0.45484680937500005
1 0.4693122359375 0.4423848421875 0.4190111265625 0.4574143796875 0.44086825 0.51522846875 0.5002225484375 0.5418784734375001 0.5345565296875 0.5170050015625 0.546547465625 0.46241267343750003 0.4693122359375 0.4423848421875
1 0.5927434265625 0.413949390625 0.5669323109375 0.363998571875 0.5523930609375001 0.3657837671875 0.5709853640625 0.4210476140625 0.61044330625 0.4619450328125 0.655488934375 0.468218575 0.7026789453125 0.4358643578125 0.7464777453125 0.375890959375 0.7260980296875 0.3621621546875 0.701865946875 0.3651374796875 0.6593686328125 0.41167107031250005 0.5927434265625 0.413949390625
1 0.738926728125 0.3945247828125 0.80575261875 0.46599963437499997 0.8883722828125 0.433721871875 0.940793009375 0.3638364953125 0.9255944812499999 0.2801203765625 0.9071533328125 0.26615354375 0.9190870421874999 0.347319421875 0.9027603796875001 0.390639659375 0.8641922953125001 0.4130819 0.80021959375 0.42093675937499997 0.7716270171875 0.3964119171875 0.744080584375 0.36438084375 0.738926728125 0.3945247828125
6 0.7033980140625 0.329536015625 0.70646215 0.25833308593750004 0.680368359375 0.25415921875 0.6799319640625 0.314710609375 0.6864069421875 0.3994978453125 0.7059463296875 0.382343146875 0.7033980140625 0.329536015625
6 0.6779387375 0.39463538593749997 0.6815135609375 0.3115653015625 0.6750881125 0.2592342203125 0.6779387375 0.39463538593749997
1 0.7287531015625001 0.3116672390625 0.69714591875 0.390801484375 0.6985217015625 0.426045909375 0.7509919578125 0.38861669062500004 0.75627476875 0.327470234375 0.7333194078124999 0.3007776734375 0.7287531015625001 0.3116672390625
1 0.74923700625 0.27816545000000004 0.745409403125 0.3110976578125 0.7601519031249999 0.3269941828125 0.7828271531250001 0.34339224375 0.8195830609374999 0.3462569671875 0.8341744062500001 0.320856475 0.7772172687500001 0.30571658749999997 0.74923700625 0.27816545000000004
1 0.8301956484374999 0.3124916671875 0.7632928984375 0.24840403437499997 0.7763248453125 0.2984483828125 0.804074528125 0.348161175 0.8465940406250001 0.37392711875 0.8832209921875 0.40779435625 0.9159212812499999 0.40968149218749994 0.9068928578125 0.3842300296875 0.8797033937500001 0.3551062375 0.8301956484374999 0.3124916671875
6 0.366342753125 0.365018971875 0.40819785625 0.41742650625 0.419368096875 0.4603216625 0.44411087031249996 0.44547918124999997 0.40488350625 0.3824201078125 0.3806539890625 0.3293239796875 0.355707965625 0.326484740625 0.366342753125 0.365018971875
6 0.5064994078125 0.4968410828125 0.5244349984375 0.4105321625 0.5376505609375 0.34988724375 0.5245827828125 0.2744501390625 0.51423660625 0.311446540625 0.49650683124999995 0.3593657265625 0.485534709375 0.4462951984375 0.47920575468750004 0.5149478843749999 0.5030535390625 0.5489086515625 0.5064994078125 0.4968410828125
6 0.5350031859375 0.2321677984375 0.521101015625 0.2471547765625 0.5233692203125 0.289667409375 0.53234555 0.3387341671875 0.53402620625 0.40050117187499995 0.5371099765625 0.457669228125 0.5677948390625 0.46718160624999994 0.562975753125 0.42793329687500004 0.556091709375 0.363854075 0.5487738375 0.3042547890625 0.5454347234375 0.2530203109375 0.5350031859375 0.2321677984375
6 0.5715233828125 0.369337084375 0.5559678859375 0.2827136828125 0.54239791875 0.284379865625 0.5526731703125 0.3760782671875 0.5715233828125 0.369337084375
6 0.671543184375 0.24638947656250001 0.661389190625 0.29190291875 0.6539645625 0.3356056796875 0.63398878125 0.41331176718749996 0.65294061875 0.41541144374999994 0.6693441421874999 0.3647039859375 0.6769472546874999 0.32245486562500003 0.6875350765625 0.2724614875 0.671543184375 0.24638947656250001
4 0.4694186921875 0 0.3791306609375 0.011085976562499999 0.4157028875 0.3089428546875 0.6334233140625 0.282210146875 0.5987722640625 0 0.4694186921875 0
4 0.42619464375 0.298104828125 0.3907775703125 0.009655915625 0.16141023593749998 0.0378186828125 0.1968273078125 0.3262675953125 0.42619464375 0.298104828125
4 0.576945509375 0 0.6135702875 0.2982848828125 0.8393551515625 0.2705619875 0.8061343171875001 0 0.576945509375 0
5 0.53881831875 0.2488158125 0.5410930171875 0.2609311875 0.5475820062500001 0.2624953296875 0.552408096875 0.2601320921875 0.5544081515625 0.253984290625 0.5660911343749999 0.240155128125 0.5708666703125 0.227764315625 0.576886646875 0.222303375 0.578641775 0.21736609375 0.5730303515624999 0.213333309375 0.559531778125 0.21558094687499998 0.55268581875 0.211109525 0.542176909375 0.20885852031250002 0.5381262437500001 0.21112654687500002 0.5381054062499999 0.2205726671875 0.5315142796875 0.2213819546875 0.5284026671875 0.21527156406249998 0.5256172796875 0.21502334374999998 0.5245453453125 0.22873007968749998 0.5221883218750001 0.2319705984375 0.5244838578125 0.2346398546875 0.5318196671875 0.23669024374999997 0.53881831875 0.2488158125
5 0.43103708906250005 0.1947643171875 0.43288342343749997 0.203390953125 0.4478395921875 0.23224613593750001 0.4603584625 0.2348405703125 0.46661243125 0.2441064625 0.48172232031249995 0.258187209375 0.49575139375 0.257054878125 0.5010464984375 0.261716721875 0.5054025515625 0.274756984375 0.5071269359375 0.2727745890625 0.5064129984375 0.266960025 0.508800765625 0.26076461875 0.5153611484375 0.2629102171875 0.5183200671875 0.2613664640625 0.5193513515625 0.244123384375 0.511118165625 0.23155917499999998 0.5060778921875 0.23217804375 0.44251476875 0.20811059687500003 0.43276147343750004 0.19278192031250002 0.43103708906250005 0.1947643171875