3 0.8600522343750001 0.295375153125 0.047286925 0.3522092390625 0.073546846875 0.7277436125000001 0.88631215625 0.670909525 0.8600522343750001 0.295375153125
1 0.44501575156250006 0.510110134375 0.44837134062499995 0.5050025078125 0.4212490765625 0.48879943593749997 0.4190142 0.48338659218749996 0.4064251796875 0.47591321875 0.397966821875 0.47441626562500006 0.37944824375 0.46178840625 0.3312268875 0.44914914687499996 0.278677828125 0.44098935156249996 0.21659814375000003 0.4425458265625 0.1562172 0.4551217546875 0.11299518593749999 0.47415535625 0.10263777031250002 0.485321721875 0.0970440328125 0.49824339687499997 0.09966644531249999 0.5091982640625 0.12451193593750001 0.492841953125 0.14891817499999999 0.4834777609375 0.2145923859375 0.4935043171875 0.30321303125 0.49983788125000006 0.3580454078125 0.5141032734375 0.390467484375 0.5264550453125 0.41515783125 0.5477011546874999 0.43513948593749996 0.5414309203125 0.44656589531249996 0.532278225 0.4513812890625 0.521499396875 0.44501575156250006 0.510110134375
1 0.8568274328125 0.4792250375 0.8546442703125001 0.46127805312500003 0.83155905625 0.436439 0.81216525 0.42456848437500005 0.77386205625 0.40775497656250004 0.721216115625 0.3982096765625 0.656413859375 0.400652671875 0.5826138375000001 0.420432215625 0.525145959375 0.448119528125 0.5110938625 0.45954425 0.48153313593749997 0.4748380015625 0.45615151249999997 0.4968009234375 0.45906785 0.4986854125 0.45473687656250006 0.5163917687499999 0.45770165625 0.5189690125 0.47899451875 0.5181762125 0.50758313125 0.502254296875 0.554499828125 0.48296233749999995 0.6053189375 0.47523187812499995 0.7170658203125 0.47159461562500005 0.7508508171875 0.47688967968749996 0.7787546984375 0.4777230109375 0.826685403125 0.48620575468749994 0.8452556953125001 0.4862994734375 0.8568274328125 0.4792250375
1 0.798371725 0.3733225046875 0.7967698671875 0.3636885546875 0.7855922093750001 0.349851228125 0.7679973015625 0.3371587796875 0.7320743125 0.3278363765625 0.6857454656249999 0.328987584375 0.6418937062500001 0.3390154015625 0.6183142515625 0.3469294984375 0.5751891234375 0.36734860625 0.5956551984375 0.3680059 0.6070783375000001 0.372080096875 0.610236884375 0.377428353125 0.607756525 0.3817786359375 0.59263543125 0.3911896890625 0.5807246 0.39341485625 0.5746464437500001 0.399409003125 0.5535957921875 0.40366557031249994 0.5440167203125 0.4126890859375 0.5289892390625 0.43671253749999994 0.530252003125 0.4414972171875 0.5412391640624999 0.43933663906250003 0.5435741984375 0.43290809531249996 0.5528593453124999 0.43295495624999997 0.5718204453125 0.4253638046875 0.575224475 0.42094893125 0.615236228125 0.4091012125 0.6582127578125 0.3998307390625 0.7275849234375 0.39637204531250003 0.792342009375 0.3800094046875 0.798371725 0.3733225046875
1 0.537606015625 0.38738017812500003 0.53634325 0.3825954984375 0.522685234375 0.37310845625 0.5132063203125 0.37029058593749997 0.48734355 0.3720990875 0.471056575 0.3781109640625 0.441298809375 0.403860596875 0.4199476875 0.4436413234375 0.4214042203125 0.45119701562500003 0.44084646875000005 0.46376028593749996 0.44444426562499995 0.46211642187499996 0.49058916406249997 0.4185135265625 0.537606015625 0.38738017812500003
1 0.537606015625 0.38738017812500003 0.53634325 0.3825954984375 0.5236573484375 0.37373661875 0.5122826515625001 0.370355175 0.486419878125 0.3721636765625 0.471056575 0.3781109640625 0.441298809375 0.403860596875 0.42631976875 0.4285768 0.4204321078125 0.45056885312499995 0.44181858125 0.46438845000000006 0.4738629375 0.4315175203125 0.537606015625 0.38738017812500003
1 0.33803821875 0.42709250625 0.3364848015625 0.4181513078125 0.233922034375 0.3717204 0.20261739531249998 0.3620750515625 0.1810338828125 0.3587113359375 0.1634357015625 0.35924577968750004 0.1488991859375 0.363742971875 0.125997921875 0.3813556109375 0.11768161562499999 0.39516380624999997 0.12054296406250001 0.42280932968749996 0.129243534375 0.4277700484375 0.15253233593749999 0.415699434375 0.17995179687500001 0.4096052375 0.1914233765625 0.41437218906249995 0.22910009531250003 0.40895301406250006 0.2598234296875 0.4102853296875 0.31723305 0.42158594374999997 0.3353156484375 0.42797902656250003 0.33803821875 0.42709250625
1 0.41128574218749997 0.4790540375 0.401228796875 0.45469624062499997 0.3908262125 0.4519429578125 0.3854812296875 0.44187461250000004 0.377361965625 0.44522692812500003 0.35140558125 0.4324230296875 0.3383288703125 0.4312490234375 0.3050800078125 0.42034734531250006 0.26643444843749997 0.4119114625 0.2189881640625 0.41035624843749996 0.1989580671875 0.41593373125 0.19467880937499998 0.42110594843750004 0.19992690625 0.4297887875 0.214702359375 0.44198225156250004 0.2796499421875 0.44161751562499996 0.31236594218749997 0.4448989109375 0.37862145625 0.4632385015625 0.41128574218749997 0.4790540375
5 0.566300684375 0.5322592359375 0.5665946078124999 0.523188859375 0.536985440625 0.5377898578125 0.5346504078125001 0.5442184015625 0.528330040625 0.546748784375 0.5054385921875 0.5246807437500001 0.5027677390624999 0.5130331234375001 0.48813433906250003 0.5161448125 0.47972114843749997 0.528567503125 0.4685886609375 0.5286498234375 0.45337395625 0.5234484765625 0.4458359953125 0.535113825 0.4126774703125 0.5520514390625 0.404800415625 0.55886751875 0.4053300046875 0.57971469375 0.4189880203125 0.589201734375 0.42569265156249997 0.605440265625 0.4651584515625 0.6388798390625 0.4893643765625 0.6531984203125 0.5027350140625 0.645302053125 0.5112483609375 0.621037975 0.5482017234375001 0.5920006156250001 0.5585106953125 0.5801414984375 0.5570057203125 0.5718930531249999 0.5465546953125 0.5684470203124999 0.540140715625 0.55636500625 0.566300684375 0.5322592359375
1 0.52084379375 0.5458799937500001 0.5125792015624999 0.5471540515625 0.5210375609375 0.5486510046874999 0.52084379375 0.5458799937500001
1 0.5083064890625 0.52587248125 0.5052480984375001 0.508682840625 0.5006781874999999 0.5096985390625 0.4986822484375 0.5209763515625 0.5083064890625 0.52587248125
5 0.51939970625 0.6845128765624999 0.518185384375 0.6804209484375 0.5093394875 0.6733819703124999 0.4928103046875 0.675930084375 0.47079081250000004 0.6663315937500001 0.4216038875 0.6266103859375 0.4208772578125 0.6162190953125 0.41363322187499996 0.6188140671875 0.388552065625 0.605252828125 0.3629347765625 0.5972982 0.3455788078125 0.601296409375 0.3385285375 0.60666239375 0.39374845 0.6264698078125 0.4038603828125 0.6250665734374999 0.40998370937499995 0.6329920703125 0.42033785156250003 0.6350525984375001 0.42689715625 0.649212871875 0.42762378593749995 0.6596041640625 0.4235382953125 0.6675473921874999 0.4399673234375 0.6768406640625 0.448277084375 0.6894862546875 0.4728253765625 0.6954272125000001 0.47331307031250003 0.6891278484375001 0.48551782499999996 0.6778323046875 0.5032613312499999 0.67937611875 0.514781353125 0.6848358234374999 0.51939970625 0.6845128765624999