3 0.4164751390625 0.9369169359375 0.8058871562500001 0.8398256140625 0.6180607250000001 0.08649494375 0.2286487078125 0.183586265625 0.4164751390625 0.9369169359375
0 0.6025516640624999 0.8537096156249999 0.6304046578125 0.8179591140625 0.6630959140625 0.7970056125 0.6635304515625 0.7664909703125 0.63062655625 0.7266848828125 0.60358375625 0.7334274093750001 0.58708655625 0.7087346515624999 0.5706209796875 0.7256426359375 0.5428721203125 0.7341615328125 0.565995353125 0.771605221875 0.5422429390625 0.7823283562500001 0.6025516640624999 0.8537096156249999
3 0 0.3033094125 0.1483123921875 0.8981579249999999 0.360334446875 0.8452948890625 0.18452635 0.14016712343749999 0 0.186174709375 0 0.3033094125
0 0.1977290921875 0.773805734375 0.15639776875 0.760105815625 0.1392713859375 0.783579884375 0.1379814046875 0.8383127890625 0.16661733437499998 0.8471763671874999 0.203680690625 0.829933775 0.1977290921875 0.773805734375
0 0.6810777406249999 0.7493132859375 0.7001140218749999 0.7749733109375 0.720802309375 0.7842181265625 0.7327600249999999 0.7492301 0.7148959625 0.732879796875 0.7056087203125 0.6679814328125 0.6898944546875 0.68790275625 0.6793761125 0.6457159859375 0.6725870609375 0.6922179734375 0.6510885796875 0.711981134375 0.6810777406249999 0.7493132859375
0 0.6814261375 0.8244420124999999 0.7179508234374999 0.8649456671875001 0.733379940625 0.8530970968749999 0.7230878656249999 0.8348588906250001 0.7475915875 0.8271490921875 0.74078454375 0.7952393125 0.72757773125 0.774527165625 0.7037348125 0.7756708765625 0.6858254968749999 0.7545308625 0.6733111140625 0.7688533734375 0.6811998703125 0.8004934484374999 0.6814261375 0.8244420124999999
3 0.8146275640624999 0.7320084890625 0.9520114859375 0.6977548296875 0.7886018859374999 0.042354721875 0.6512179640625 0.07660838125 0.8146275640624999 0.7320084890625
0 0.86241171875 0.6240850625000001 0.8402208078125 0.608813565625 0.8273896531249999 0.589608084375 0.80876065 0.6070554718750001 0.8235605874999999 0.643373725 0.8272582578125001 0.6904617421875 0.8531288421875001 0.67440949375 0.87363611875 0.6644954609375 0.8784427562499999 0.637691721875 0.86241171875 0.6240850625000001
1 0.1401769828125 0.496894715625 0.1366783203125 0.5473773140625 0.1390091296875 0.6028077875 0.13146876875 0.6462964359375001 0.16217761718749998 0.6450411859375 0.182789028125 0.6078955500000001 0.17204441718750002 0.54176021875 0.1401769828125 0.496894715625
1 0.19612723125 0.527754040625 0.1590322484375 0.503395890625 0.1813000375 0.5650578421875 0.2014316578125 0.5536371359375 0.23247090468749998 0.5490988437500001 0.253322209375 0.4990907421875 0.2230026484375 0.4650416328125 0.19612723125 0.527754040625
1 0.17229794062499998 0.4920867234375 0.1851470921875 0.5897039671875001 0.193922921875 0.6387265249999999 0.18971820156250002 0.69098549375 0.1849115640625 0.7177892296875 0.2147333421875 0.6991515046875 0.22745599374999997 0.6303657921875 0.2000195421875 0.557189878125 0.1900714953125 0.4988576 0.17229794062499998 0.4920867234375
1 0.46960574375 0.477171834375 0.4692437171875 0.4388541390625 0.44050365312500006 0.45722216250000003 0.392908321875 0.4690890109375 0.3586239375 0.47443640625 0.3762028515625 0.4988594625 0.433474709375 0.51658661875 0.46960574375 0.477171834375
6 0.48336048906249995 0.2881039140625 0.46102018906250003 0.29527430625 0.46851966562499997 0.36221874375 0.4706105796875 0.43051168281249996 0.472144821875 0.4781391046875 0.4865374828125 0.4713499484375 0.4903665453125 0.417584309375 0.48336048906249995 0.2881039140625
1 0.48306607812499996 0.4482104921875 0.5281992078125 0.4817668265625 0.548796990625 0.48143221875000003 0.510063628125 0.43667825000000005 0.48665524531250004 0.40730731562500005 0.48306607812499996 0.4482104921875
1 0.4744756296875 0.533569578125 0.473783203125 0.49853492343749994 0.441888509375 0.5272914765625 0.4150719734375 0.5579825656249999 0.38595625624999996 0.5748439203125 0.3374285984375 0.564538578125 0.3404338390625 0.5765919421875 0.378189628125 0.5943840046875 0.40777150781250004 0.5886087468750001 0.4744756296875 0.533569578125
1 0.508818896875 0.49620086875 0.4837132515625 0.4784554328125 0.47937277656250005 0.5163452656249999 0.5030074234375 0.5696647625 0.539532109375 0.61016841875 0.5741785203124999 0.6431387203125001 0.6070507921875 0.6413440703125 0.585054525 0.60842039375 0.5354135328125 0.556784015625 0.508818896875 0.49620086875
1 0.4695332328125 0.54600418125 0.5082077125 0.6227794609374999 0.5494349046875 0.6637109828125001 0.57416489375 0.6799497484375 0.5432886609375001 0.6252351218750001 0.5125029375000001 0.5800999171875 0.48515699218749997 0.51650343125 0.4695332328125 0.54600418125
1 0.8449145796875 0.378795840625 0.7992700328125 0.3293636953125 0.7977990390625 0.3649377546875 0.81513805625 0.40222327812499997 0.8393430000000001 0.4393972625 0.865756621875 0.4808215578125 0.87707153125 0.53081138125 0.8928763015625 0.520469484375 0.8810499796875 0.45460385312499996 0.8449145796875 0.378795840625
6 0.10543569687500001 0.33912218906249997 0.09466383125 0.3466089125 0.09981886718750001 0.3949339015625 0.1170221234375 0.41785028593750007 0.1296586390625 0.4547079453125 0.1388101203125 0.5052371703125 0.1513245015625 0.4909146609375 0.1381765734375 0.43818119843750003 0.11496283437499999 0.3911580875 0.10543569687500001 0.33912218906249997
6 0.1316230546875 0.356597928125 0.1213173484375 0.3751707453125 0.1391677796875 0.42833207343749996 0.1595572921875 0.48246066875000004 0.17286823906249998 0.47594121562499997 0.13931716875 0.4058901828125 0.1316230546875 0.356597928125
6 0.7660177421875 0.21442888437500002 0.7400114 0.216111996875 0.749733178125 0.250495715625 0.7627453484375 0.28886004062500004 0.7902859359375001 0.3348043484375 0.78926310625 0.303052734375 0.7744179140624999 0.261944765625 0.7660177421875 0.21442888437500002
4 0 0.3526188109375 0.28631764843749996 0.28123180312499996 0.24762742499999998 0.12605379375 0 0.1877942453125 0 0.3526188109375
4 0.27808074375 0.289690021875 0.6209932046875 0.2041923421875 0.580799609375 0.0429846375 0.23788714843749997 0.1284823171875 0.27808074375 0.289690021875
4 0.70182726875 0 0.5485969171875 0.0382046171875 0.60156053125 0.2506300734375 0.9325557703125 0.168103690625 0.8906428125 0 0.70182726875 0