3 0.808170028125 0.3043392859375 0.172925071875 0.3043392859375 0.172925071875 0.9208035718750001 0.808170028125 0.9208035718750001 0.808170028125 0.3043392859375
0 0.6991605078124999 0.6040372671875 0.722967046875 0.5621118 0.740508709375 0.6288819890624999 0.7605563203125 0.5590062109375 0.73925573125 0.5434782609375 0.81318130625 0.501552796875 0.7680741765625 0.476708075 0.73674978125 0.46428571406249997 0.6741009890624999 0.49223602499999997 0.6327527875000001 0.4875776390625 0.656559328125 0.5295031078125 0.6954015796874999 0.5372670828125 0.6803658703125001 0.579192546875 0.6991605078124999 0.6040372671875
0 0.195464228125 0.486024846875 0.206741009375 0.5403726718749999 0.23305350156250002 0.555900621875 0.2543540921875 0.6288819890624999 0.2881844375 0.548136646875 0.33203859062499996 0.555900621875 0.33830347031249997 0.5310558999999999 0.29570229375 0.49378882187500006 0.289437415625 0.381987578125 0.24683623593749998 0.42236025 0.24182433125 0.4720496890625 0.195464228125 0.486024846875
0 0.345821325 0.5357142859375 0.3658689390625 0.5822981359375 0.387169528125 0.5807453421875 0.3809046484375 0.49689441093750003 0.3959403578125 0.5170807468749999 0.4197468984375 0.5201863359375001 0.4197468984375 0.4813664609375 0.368374890625 0.4394409921875 0.3408094234375 0.375776396875 0.35584513281249996 0.329192546875 0.31449693125 0.352484471875 0.33203859062499996 0.4378882 0.2982082453125 0.4472049671875 0.29946121875 0.5031055890625 0.33579751875 0.5341614890625 0.345821325 0.5357142859375
0 0.29570229375 0.459627328125 0.2681368234375 0.32608695781249997 0.24182433125 0.32763975 0.2180177921875 0.42236025 0.18168149218750002 0.41925465781250004 0.1791755421875 0.46583851093749995 0.21551184218750002 0.490683228125 0.29570229375 0.459627328125
1 0.68663075 0.6599378890625001 0.6715950375 0.6273291921874999 0.6440295703125 0.5993788828125 0.617717078125 0.579192546875 0.60268136875 0.593167703125 0.6051873203125 0.639751553125 0.6302468359375 0.6692546578125 0.6778599171875 0.6739130421875 0.68663075 0.6599378890625001
0 0.6289938609375 0.5822981359375 0.6302468359375 0.664596275 0.646535521875 0.6894409921875 0.65781230625 0.6832298140625 0.6665831359375 0.6055900609375 0.7054253859374999 0.6118012421875 0.68161884375 0.585403725 0.6778599171875 0.538819875 0.6477884984375 0.5341614890625 0.6628242078125 0.5683229828125 0.6427765937500001 0.5698757750000001 0.6289938609375 0.5822981359375
1 0.407217140625 0.5295031078125 0.42977070624999997 0.5046583859375 0.4347826078125 0.45341614999999996 0.4059641640625 0.381987578125 0.3834106 0.43322981406250005 0.379651671875 0.49378882187500006 0.407217140625 0.5295031078125
6 0.45858915 0.6288819890624999 0.43102367968750005 0.5993788828125 0.42225285 0.5667701859375 0.4059641640625 0.513975153125 0.3834106 0.5263975140625 0.3884225046875 0.5496894390625 0.39468738281250004 0.5885093171875 0.408470115625 0.5993788828125 0.4285177296875 0.6288819890624999 0.4423004640625 0.6521739140625 0.45608319843749995 0.7049689421875 0.4849016421875 0.7096273281250001 0.4924194953125 0.6832298140625 0.4798897375 0.6677018640625 0.45858915 0.6288819890624999
1 0.464854028125 0.507763975 0.426011778125 0.54658385 0.418493921875 0.5822981359375 0.45107129375 0.6086956531250001 0.4811427140625 0.5760869578125 0.483648665625 0.507763975 0.464854028125 0.507763975
1 0.3708808421875 0.7204968921875 0.4322766578125 0.6972049671875 0.4435534375 0.6537267078125 0.4247588015625 0.624223603125 0.350833228125 0.6909937890625 0.3345445453125 0.7049689421875 0.3708808421875 0.7204968921875
1 0.33705049531250003 0.5667701859375 0.3007141953125 0.5978260859375 0.293196340625 0.616459628125 0.310738003125 0.6226708078125001 0.35709810625 0.616459628125 0.4009522625 0.5885093171875 0.4009522625 0.563664596875 0.378398696875 0.5450310578125 0.33705049531250003 0.5667701859375
1 0.476130809375 0.6770186328125 0.49993735156249997 0.6909937890625 0.535020675 0.6444099390625 0.48866056718750006 0.593167703125 0.4573361734375 0.6381987578125 0.476130809375 0.6770186328125
6 0.6590652796875001 0.9254658390625 0.6452825453125001 0.8726708078125001 0.6264879078125001 0.8338509328124999 0.61395815 0.7779503109375 0.58388673125 0.7437888218750001 0.5488034093749999 0.7142857140625 0.5174790109375 0.6972049671875 0.5149730609375001 0.7127329171875 0.533767696875 0.7282608671874999 0.581380778125 0.782608696875 0.6101992218750001 0.8416149078125 0.627740884375 0.9114906828124999 0.6590652796875001 0.9254658390625
1 0.5675980468749999 0.6552795031249999 0.5450444812499999 0.670807453125 0.541285553125 0.694099378125 0.56634506875 0.73447205 0.62398195625 0.7437888218750001 0.6089462484375 0.6847826078125 0.5675980468749999 0.6552795031249999
1 0.56383911875 0.4425465828125 0.5776218531249999 0.5031055890625 0.5951635125 0.5450310578125 0.6227289828125 0.5279503109375 0.61395815 0.44409937812500005 0.58388673125 0.37888198906250004 0.570103996875 0.37888198906250004 0.56383911875 0.4425465828125
6 0.5726099484375 0.875776396875 0.552562334375 0.79658385 0.5400325765625 0.7546583859375 0.519984965625 0.717391303125 0.498684375 0.6972049671875 0.48740759375 0.7065217390625 0.5174790109375 0.757763975 0.5362736515625001 0.8338509328124999 0.5563212625 0.881987578125 0.5726099484375 0.875776396875
6 0.6076932703125 0.5916149078124999 0.6314998125 0.5357142859375 0.6365117140625001 0.49689441093750003 0.6164641015625001 0.5279503109375 0.6014283921875 0.5590062109375 0.5550682874999999 0.6366459640625 0.5287557953124999 0.6661490671875 0.4924194953125 0.6832298140625 0.5174790109375 0.7003105609375 0.5613331671874999 0.663043478125 0.5863926828125 0.6304347828125 0.6076932703125 0.5916149078124999