3 0.944871134375 0.1169884171875 0.0956443296875 0.1169884171875 0.0956443296875 0.9227027031249999 0.944871134375 0.9227027031249999 0.944871134375 0.1169884171875
0 0.4226804125 0.297297296875 0.489690721875 0.308880309375 0.52061855625 0.3050193046875 0.546391753125 0.258687259375 0.55670103125 0.25482625468750003 0.55670103125 0.2393822390625 0.5051546390625 0.2046332046875 0.4948453609375 0.20077219999999998 0.4484536078125 0.2046332046875 0.4381443296875 0.2084942078125 0.4226804125 0.22007722031250002 0.4226804125 0.23166023125000001 0.4175257734375 0.2355212359375 0.4175257734375 0.277992278125 0.412371134375 0.28185328125 0.412371134375 0.28957528906249996 0.4226804125 0.297297296875
0 0.40721649531250004 0.28957528906249996 0.412371134375 0.28571428593750003 0.43298969062500003 0.21235521249999997 0.4175257734375 0.18146718125 0.40721649531250004 0.1737451734375 0.40206185625 0.1737451734375 0.3608247421875 0.18918918906249999 0.36597938124999996 0.196911196875 0.3298969078125 0.22393822343749997 0.32474226875 0.2509652515625 0.3298969078125 0.258687259375 0.376288659375 0.28957528906249996 0.40721649531250004 0.28957528906249996
0 0.3711340203125 0.3513513515625 0.36597938124999996 0.37451737500000004 0.38659793750000004 0.3706563703125 0.453608246875 0.3976833984375 0.4484536078125 0.37451737500000004 0.40206185625 0.29343629375 0.335051546875 0.2664092671875 0.32474226875 0.2664092671875 0.30927835 0.308880309375 0.35567010312499997 0.3127413125 0.376288659375 0.347490346875 0.3711340203125 0.3513513515625
0 0.530927834375 0.4169884171875 0.5412371140625 0.4324324328125 0.55670103125 0.4324324328125 0.5721649484375 0.409266409375 0.5927835046875 0.40154440156250004 0.6030927828125 0.39382239375 0.6134020625 0.37837837812499997 0.6134020625 0.3629343625 0.5824742265625 0.3166023171875 0.5721649484375 0.308880309375 0.5051546390625 0.3127413125 0.5 0.3166023171875 0.5 0.33976833906250004 0.4845360828125 0.3552123546875 0.47938144375 0.3667953671875 0.4742268046875 0.3667953671875 0.469072165625 0.38610038593749996 0.4948453609375 0.40154440156250004 0.5051546390625 0.3976833984375 0.530927834375 0.4169884171875
1 0.654639175 0.46718146718750003 0.7474226796875 0.44787644843749996 0.8144329890625001 0.4517374515625 0.8917525765625 0.47104247031249996 0.9072164953125 0.47104247031249996 0.9175257734375 0.459459459375 0.8811391078125 0.4456332859375 0.8451632890624999 0.437991559375 0.8081135625 0.4347739921875 0.7350880203125 0.4351761890625 0.6454169484375 0.45689477656250005 0.6014230765625 0.4785959734375 0.5773195875 0.48648648593750005 0.5773195875 0.49420849375 0.6030927828125 0.49420849375 0.654639175 0.46718146718750003
1 0.62384464375 0.45265471875 0.654639175 0.44401544375 0.7268041234375 0.42084942031250006 0.855670103125 0.428571428125 0.855670103125 0.42471042499999995 0.8711340203125 0.42084942031250006 0.8941430625000001 0.3964577875 0.778350515625 0.3976833984375 0.6701030921875 0.42084942031250006 0.6082474234374999 0.44015444062500003 0.5773195875 0.45559845625 0.5498465984375 0.47805881093749997 0.5477910984375 0.49730433281249997 0.62384464375 0.45265471875
1 0.257731959375 0.389961390625 0.32474226875 0.3976833984375 0.376288659375 0.4169884171875 0.4484536078125 0.47104247031249996 0.4742268046875 0.5019305015625 0.4742268046875 0.478764478125 0.4845360828125 0.46718146718750003 0.4845360828125 0.45559845625 0.40721649531250004 0.3976833984375 0.3711340203125 0.38223938281250003 0.3144329890625 0.37451737500000004 0.257731959375 0.3552123546875 0.221649484375 0.3513513515625 0.201030928125 0.3552123546875 0.19587628906250001 0.3629343625 0.2268041234375 0.37451737500000004 0.24226804062500001 0.39382239375 0.257731959375 0.389961390625
1 0.3144329890625 0.47490347499999996 0.345360825 0.47490347499999996 0.412371134375 0.49420849375 0.45876288593750003 0.525096525 0.463917525 0.540540540625 0.489690721875 0.559845559375 0.5154639171875 0.559845559375 0.5154639171875 0.5328185328124999 0.4845360828125 0.5019305015625 0.40721649531250004 0.46718146718750003 0.29381443281249997 0.46332046406250005 0.2371134015625 0.47490347499999996 0.201030928125 0.49420849375 0.19072165000000002 0.5096525093750001 0.21649484531250002 0.5135135140625 0.24226804062500001 0.4980694984375 0.3144329890625 0.47490347499999996
1 0.278350515625 0.5945945953125 0.376288659375 0.5637065640625 0.40721649531250004 0.5637065640625 0.43298969062500003 0.5714285718750001 0.45876288593750003 0.5868725875 0.469072165625 0.5868725875 0.4742268046875 0.5945945953125 0.4845360828125 0.590733590625 0.47938144375 0.5637065640625 0.469072165625 0.55598455625 0.43298969062500003 0.540540540625 0.40206185625 0.540540540625 0.3969072171875 0.5366795359375 0.3711340203125 0.5366795359375 0.298969071875 0.5482625484375 0.278350515625 0.55598455625 0.257731959375 0.5714285718750001 0.24226804062500001 0.575289575 0.2371134015625 0.5791505796875 0.2525773203125 0.5868725875 0.257731959375 0.5945945953125 0.278350515625 0.5945945953125
1 0.644329896875 0.5482625484375 0.6494845359375 0.5521235515625 0.6804123718749999 0.5482625484375 0.7113402062499999 0.5521235515625 0.778350515625 0.575289575 0.855670103125 0.610038609375 0.8865979375 0.5984555984375 0.855670103125 0.5714285718750001 0.835051546875 0.5637065640625 0.664948453125 0.5173745171874999 0.6030927828125 0.5173745171874999 0.5412371140625 0.5482625484375 0.530927834375 0.575289575 0.5618556703124999 0.575289575 0.5927835046875 0.559845559375 0.644329896875 0.5482625484375
1 0.5721649484375 0.6138996140625 0.654639175 0.5830115828125 0.701030928125 0.5791505796875 0.7061855671874999 0.575289575 0.7680412375000001 0.5791505796875 0.7731958765625 0.5675675671875 0.757731959375 0.5637065640625 0.6804123718749999 0.559845559375 0.67525773125 0.5637065640625 0.6185567015625 0.5675675671875 0.5876288656249999 0.5791505796875 0.567010309375 0.5791505796875 0.530927834375 0.5984555984375 0.530927834375 0.6216216218749999 0.5721649484375 0.6177606171875001 0.5721649484375 0.6138996140625
5 0.34020618593749996 0.833976834375 0.4278350515625 0.8378378375000001 0.644329896875 0.81853281875 0.6701030921875 0.7992277999999999 0.7061855671874999 0.7876447875 0.7061855671874999 0.7799227796875 0.644329896875 0.7567567562499999 0.5824742265625 0.76833976875 0.396711753125 0.8060025328125 0.3669069796875 0.78983629375 0.3833509890625 0.7682813046875 0.47276529843750004 0.729020440625 0.47070979843750005 0.71362401875 0.3854064953125 0.7274807953125 0.3144916953125 0.759813278125 0.3165472015625 0.7167033046875 0.35567010312499997 0.640926640625 0.3144329890625 0.6949806953125 0.2835051546875 0.7490347484375001 0.2835051546875 0.7644787640625 0.32474226875 0.8262548265625 0.34020618593749996 0.833976834375