3 0.9475 1 0.9475 0.1066666671875 0.1375 0.1066666671875 0.1375 1 0.9475 1
1 0.5475 0.5216666671875 0.5575 0.5225 0.5725 0.515 0.5725 0.5008333328125001 0.56125 0.49416666718749996 0.56875 0.48250000000000004 0.57125 0.43916666718749997 0.595 0.3975 0.64375 0.3333333328125 0.67125 0.265 0.6925 0.2266666671875 0.71 0.1566666671875 0.70875 0.1341666671875 0.70125 0.12833333281249998 0.665 0.1241666671875 0.6475 0.1266666671875 0.61875 0.13999999999999999 0.59375 0.16 0.55625 0.215 0.52625 0.2925 0.51375 0.3458333328125 0.515 0.385 0.5387500000000001 0.45416666718750004 0.53625 0.46666666718750005 0.5475 0.5216666671875
1 0.34125 0.33999999999999997 0.40374999999999994 0.375 0.47125000000000006 0.41916666718749995 0.5175 0.4566666671875 0.5325 0.4641666671875 0.53625 0.4625 0.53125 0.42750000000000005 0.515 0.3858333328125 0.495 0.37 0.45999999999999996 0.3525 0.4375 0.3458333328125 0.40125 0.3416666671875 0.34500000000000003 0.3266666671875 0.26 0.2983333328125 0.1875 0.28250000000000003 0.17375000000000002 0.2858333328125 0.17250000000000001 0.2908333328125 0.17875000000000002 0.29500000000000004 0.22875 0.2983333328125 0.34125 0.33999999999999997
1 0.445 0.5575 0.51625 0.6075 0.525 0.5983333328125 0.5287499999999999 0.5658333328125 0.51 0.5391666671875 0.4425 0.48166666718749995 0.39375 0.4625 0.3725 0.4625 0.3675 0.46666666718750005 0.36875 0.475 0.41624999999999995 0.53 0.445 0.5575
1 0.67625 0.5375 0.72375 0.5383333328125001 0.74125 0.5341666671875 0.79 0.55 0.8099999999999999 0.5508333328125 0.875 0.5391666671875 0.92125 0.5175 0.9262499999999999 0.5091666671875 0.9199999999999999 0.4966666671875 0.905 0.49000000000000005 0.87625 0.485 0.83125 0.4841666671875 0.7675 0.49416666718749996 0.7325 0.505 0.7025 0.5191666671874999 0.6849999999999999 0.5225 0.61 0.5208333328125 0.6012500000000001 0.5233333328125 0.5974999999999999 0.525 0.61375 0.5291666671875 0.64625 0.5308333328125 0.67625 0.5375
4 0.8625 1 0.8625 0.575 0.15 0.575 0.15 1 0.8625 1
6 0.5237499999999999 0.6891666671875 0.5325 0.7008333328125 0.53625 0.72 0.5549999999999999 0.7258333328125001 0.5599999999999999 0.7041666671875 0.5587500000000001 0.6683333328125001 0.575 0.6191666671875 0.575 0.5283333328125 0.5650000000000001 0.525 0.545 0.5258333328125 0.53625 0.5441666671875 0.5275000000000001 0.5983333328125 0.515 0.6116666671875 0.515 0.64 0.5237499999999999 0.6891666671875
1 0.59375 0.6366666671875 0.61125 0.6408333328125 0.63125 0.6183333328125 0.635 0.5991666671875 0.63 0.5700000000000001 0.62 0.5483333328125 0.60375 0.5316666671875 0.5912499999999999 0.525 0.575 0.5258333328125 0.57125 0.53 0.5775 0.5466666671875 0.57625 0.6133333328125 0.59375 0.6366666671875
6 0.6587500000000001 0.645 0.68875 0.6158333328125 0.6912499999999999 0.6008333328125001 0.705 0.5816666671874999 0.71875 0.5391666671875 0.6875 0.5383333328125001 0.67375 0.5433333328125001 0.66125 0.5591666671875 0.6125 0.655 0.61375 0.6866666671874999 0.63125 0.6875 0.645 0.6725 0.6587500000000001 0.645
6 0.58875 0.7733333328125 0.59375 0.7566666671875 0.6 0.7516666671875 0.6125 0.6925 0.60875 0.6433333328125 0.6 0.6383333328125 0.595 0.6383333328125 0.58875 0.65 0.5662499999999999 0.7275 0.5650000000000001 0.7358333328125 0.57875 0.76 0.5775 0.7708333328125 0.58875 0.7733333328125
6 0.625 0.775 0.6475 0.7558333328125 0.6725 0.7483333328125 0.69375 0.7283333328125 0.69875 0.7 0.6912499999999999 0.6966666671875 0.66125 0.7091666671875 0.6075 0.7566666671875 0.5962500000000001 0.7741666671874999 0.59875 0.78 0.6025 0.775 0.625 0.775