3 0.5838765312499999 0 0.1790382390625 0.0070664796875 0.1963028578125 0.9961558125 0.743919440625 0.9865971296874999 0.7266983234375 0 0.5838765312499999 0
0 0.4846325 0.9418739625000001 0.5300197359375 0.985703903125 0.617349640625 0.9641765078125 0.6190030515625 0.882596765625 0.5755030921875 0.8587369265625 0.5015339359375 0.8523345828125001 0.4846325 0.9418739625000001
0 0.4402733453125 0.8687908500000001 0.41832762968750004 0.9337991406249999 0.4341932 0.9612187328124999 0.46846379687499995 0.9852396718750001 0.5113730609375 0.9752585125 0.5110777125 0.9583380125 0.4923314203125 0.8540339109374999 0.4402733453125 0.8687908500000001
0 0.44563203749999997 0.9994864640625 0.46695241875000004 0.9868047484375 0.3974446296875 0.8833866921875 0.3786827703125 0.9544941921874999 0.3961939671875 0.988039840625 0.44563203749999997 0.9994864640625
0 0.7006252140625 0.710376803125 0.6522879890625 0.7619974953125 0.6506345765625 0.8435772375000001 0.702692653125 0.8288202984374999 0.7165981828125 0.743949303125 0.7006252140625 0.710376803125
0 0.6654261515625 0.8094677406249999 0.661248853125 0.7464541265625 0.6102725546875 0.7350343515625 0.5596453078125 0.7436115328125 0.5218340234375 0.781200234375 0.5361613640625 0.8086466765625 0.6654261515625 0.8094677406249999
1 0.5007171593749999 0.6292379375 0.50130785625 0.6630789359375 0.5533927828125 0.649860221875 0.6900611453125001 0.545920740625 0.585918140625 0.5738963921875 0.5007171593749999 0.6292379375
1 0.40805890937499995 0.7862635765625 0.48479010625 0.6864476921875 0.37783914687500003 0.7298593171875 0.352816978125 0.7949213078125 0.40805890937499995 0.7862635765625
1 0.46481221718750004 0.7760407687499999 0.486696446875 0.795661825 0.5003334765624999 0.6954085578125 0.46481221718750004 0.7760407687499999
1 0.4213278265625 0.5767693265625 0.2925194875 0.602098121875 0.4469329078125 0.6332541359375 0.4912193 0.6140167640625 0.4954312328125 0.5908628046875 0.4213278265625 0.5767693265625
6 0.444486078125 0.2286198265625 0.418228815625 0.22292336562499998 0.4577888328125 0.54997506875 0.47386141562499995 0.677406278125 0.5061373390624999 0.6753042046875 0.4831678359375 0.417204228125 0.444486078125 0.2286198265625
1 0.426360828125 0.42435058281250004 0.459066346875 0.44686014218750003 0.46446745937499995 0.40368238281249996 0.42434708906249996 0.308983540625 0.41077154218749995 0.3246074609375 0.426360828125 0.42435058281250004
6 0.40152311406249996 0.23552453281250002 0.36344333125 0.257730959375 0.3279948359375 0.43068365468750003 0.3526870203125 0.4348687390625 0.40152311406249996 0.23552453281250002
1 0.3842648453125 0.3927727546875 0.4183821296875 0.3198585296875 0.4102613953125 0.29538114531250004 0.34983315 0.3595224546875 0.3384402265625 0.41203697968749997 0.3842648453125 0.3927727546875
1 0.3660477671875 0.40693900000000005 0.4196518578125 0.3044494078125 0.3719668140625 0.3052817546875 0.3384670765625 0.4135752046875 0.3660477671875 0.40693900000000005
1 0.43185376875000003 0.5627373328124999 0.4607310390625 0.5422302328125 0.4070351203125 0.46315531249999997 0.338735575 0.42895747812499996 0.3307681546875 0.5014152562499999 0.43185376875000003 0.5627373328124999
1 0.3279679859375 0.4291454265625 0.2350758703125 0.484621221875 0.2739611484375 0.5085616109375 0.34089135000000004 0.46430985625 0.3279679859375 0.4291454265625
1 0.2862479015625 0.41910278281249996 0.3356591203125 0.42901117656250004 0.33504157343749996 0.3936319515625 0.2073765 0.3081546890625 0.211043653125 0.3419419875 0.2862479015625 0.41910278281249996
4 0.26889795156249996 0.3070839046875 0.6057666375 0.301203840625 0.60058466875 0.0043290625 0.2637159828125 0.0102091265625 0.26889795156249996 0.3070839046875
6 0.424328025 0.2197395109375 0.4044653203125 0.22777969531250003 0.41193387187499997 0.30304543125 0.43044629843750004 0.3057996859375 0.424328025 0.2197395109375