3 0.5087275328125 1 0.8797289234375001 0.9870443453125001 0.8485520390625 0.09425520781249999 0.039045470312500004 0.1225238 0.0696876140625 1 0.5087275328125 1
1 0.48099569531249997 0.38559354687499997 0.4808780375 0.34640711562500004 0.4665243453125 0.293542515625 0.43383790937500005 0.21713671093750003 0.39444128125 0.163478946875 0.3687585203125 0.1443636171875 0.3395607078125 0.1320417671875 0.32198411875 0.13015403125 0.2859016171875 0.135583265625 0.278609765625 0.1416747921875 0.27814576562500004 0.1642047109375 0.2980780703125 0.23355132812499999 0.32065293906250003 0.27111969375 0.3505209859375 0.3384516640625 0.4014806734375 0.4008778921875 0.4266703515625 0.44169031406250003 0.43068113906249994 0.48491000156249997 0.43858373124999994 0.496307815625 0.4275732484375 0.5033630390625 0.4280676578125 0.5175210765625 0.443320265625 0.5244930140624999 0.4532850921875 0.5233111953125 0.46260876562500003 0.46795207968749997 0.4596740453125 0.45554694375000004 0.48099569531249997 0.38559354687499997
1 0.820000684375 0.279531165625 0.8185769484375 0.2745778359375 0.8047189921875001 0.271726403125 0.7328157328125 0.290080303125 0.6488563328125 0.3213628359375 0.593164090625 0.33831679375 0.5570815875 0.343746028125 0.5348279578125 0.3511938734375 0.5004600203125 0.3699046953125 0.481024778125 0.386426371875 0.4662388234375 0.428634775 0.46246335156249996 0.46378795000000006 0.4662692328125 0.46532272968750005 0.48099834843749995 0.45730380625 0.52591144375 0.4182125484375 0.5918289296875 0.3717170703125 0.6530693750000001 0.334557171875 0.764046696875 0.28898969375 0.81389990625 0.2839134171875 0.820000684375 0.279531165625
1 0.63125596875 0.46206278906250003 0.6261135999999999 0.4580731578125 0.60487654375 0.458814771875 0.5568251484375 0.47967111406249996 0.49137298906250004 0.539491803125 0.4735650640625 0.5667965890625 0.47844701250000005 0.59914591875 0.48751159531250005 0.60800163125 0.5569732171874999 0.5555455 0.5847459671874999 0.5270588921875 0.630297559375 0.4704346703125 0.63125596875 0.46206278906250003
1 0.40343188124999996 0.528387471875 0.399626 0.5268526921875 0.39079408125000004 0.5246595859375 0.3158979359375 0.5289427 0.2982922640625 0.5262221390625 0.2678161296875 0.5131110875 0.2324593734375 0.5035058359375 0.1683992125 0.49573677031249996 0.12345570937499999 0.4981400734375 0.0948977203125 0.5041403875 0.0801395203125 0.5113264859375 0.074329571875 0.52403699375 0.0796173546875 0.532190753125 0.12659533750000002 0.55223011875 0.1919629015625 0.5616212109375 0.21192163437499997 0.5600903953125 0.2600893625 0.5425653578125 0.2777241171875 0.5461187437499999 0.3251660984375 0.5436281921874999 0.354915159375 0.5359186015625 0.3873371953125 0.5331187171875 0.40343188124999996 0.528387471875
4 0.5087275265625 1 0.8672365375 0.9874805890625 0.8524042515625 0.5627394875 0.1403382875 0.5876053796875 0.15473942499999999 1 0.5087275265625 1
6 0.4759485359375 0.5992331671875 0.46531347656250005 0.54540486875 0.45592898281250005 0.5273880734375 0.43591208437500006 0.5272532375 0.42603450625 0.5309335359375 0.42920454531249996 0.6217115359375 0.4471605375 0.6702811343749999 0.44716186406249997 0.7061362640625 0.45291497343750003 0.7276152328125 0.471449971875 0.7211310890625 0.4745287796875 0.7018452234375 0.4828662890625 0.6898802953125001 0.48989506718750003 0.6404382078124999 0.48890624843749997 0.6121221359375 0.4759485359375 0.5992331671875
1 0.4298403890625 0.5324683140625 0.4259472578125 0.5284350578125 0.409678075 0.52816935 0.397418353125 0.5352682 0.38175990937500004 0.5524918296875 0.37252215781250003 0.5744942921875 0.36854310468749996 0.6038176890625 0.372959728125 0.6228418062500001 0.3937327828125 0.644630109375 0.4110767078125 0.639855240625 0.42775172499999997 0.6159253796875 0.4241758546875 0.54934295 0.4298403890625 0.5324683140625
6 0.392833865625 0.690522771875 0.39297795468749996 0.658831771875 0.340913115625 0.56475816875 0.3278681546875 0.5493707234375 0.313952034375 0.5448536374999999 0.28275015312499996 0.5467770734374999 0.29797500625 0.5887713156250001 0.31238553750000003 0.6074464359375 0.31540750625 0.62235005 0.3464071328125 0.6504519656250001 0.36110849375 0.6774553453125 0.37537360937500003 0.6919663390624999 0.392833865625 0.690522771875
6 0.4432700609375 0.7379581374999999 0.44172999375 0.7296735046875 0.4165389890625 0.6530059546875 0.409885634375 0.641564515625 0.40488868125 0.6417390140625 0.396318509375 0.6470413390624999 0.39428668437500003 0.696308928125 0.40884395781249994 0.7550033078125 0.41526464687500003 0.7597821406249999 0.42084325937499995 0.77626415625 0.43199915781250003 0.773373059375 0.43037184218749996 0.76258995 0.4432700609375 0.7379581374999999
6 0.41337691093749995 0.7773587281250001 0.4015230234375 0.760262009375 0.34614804062500004 0.7146667921875001 0.315730071875 0.7032213921875 0.308350971875 0.706814440625 0.3143367453125 0.734956015625 0.336271790625 0.7542022187499999 0.3615183078125 0.7608251625 0.3846735078125 0.7791949140625001 0.4071598015625 0.7784096765624999 0.411082015625 0.78327575625 0.41337691093749995 0.7773587281250001