3 0.1650159765625 0.6450433921875 0.7924400140625 0.744417596875 0.888876275 0.135543009375 0.2614522375 0.0361688046875 0.1650159765625 0.6450433921875
0 0.2704914015625 0.4196291859375 0.19091738593750002 0.4494739703125 0.2315826015625 0.48106912187499995 0.26057805625 0.49823875781250004 0.32682792968749996 0.4804329921875 0.366938334375 0.49150230937500006 0.3499834796875 0.44636885 0.31283399375 0.43262419531249996 0.3342431765625 0.39356700624999996 0.319566503125 0.3660880359375 0.2894944734375 0.40377316875 0.28261393749999997 0.33508091093750003 0.251882165625 0.40096026562500003 0.2704914015625 0.4196291859375
0 0.7167379921875 0.48559125 0.6746383093749999 0.4710625609375 0.6645639906249999 0.49462135937499996 0.7008108203125001 0.5380939109375 0.6895089999999999 0.6494987390625 0.737901365625 0.6162874140625 0.75062470625 0.56799376875 0.7986002359375 0.5614429859375 0.7959641625 0.5060001953125 0.7724047281249999 0.48654724062500004 0.762783184375 0.4111322484375 0.7167379921875 0.48559125
0 0.6054505125 0.499408059375 0.582422890625 0.4926165421875 0.576350125 0.5309584796875 0.6205310703125 0.5804041296875 0.6377978234375 0.647597096875 0.6156599093749999 0.69125531875 0.6601427046875 0.674718440625 0.6561771000000001 0.587622053125 0.6910484 0.5837122234375001 0.6985556374999999 0.5283038234374999 0.6675249109375 0.49194602343750005 0.657867425 0.48884427500000005 0.64535395 0.43969781093750004 0.6240726953125 0.43789934218750004 0.61714326875 0.521697971875 0.6054505125 0.499408059375
0 0.801768125 0.62954721875 0.8115305421875 0.5839289062499999 0.779528171875 0.5537058203125 0.695466784375 0.5718348203125 0.7018025625 0.7080432765625 0.7280340140625 0.71062578125 0.76636500625 0.6207956109375 0.801768125 0.62954721875
1 0.4131574484375 0.39191644062500003 0.4179696703125 0.3455140984375 0.39783398124999997 0.312454053125 0.35153582656250004 0.3004046953125 0.34068678281250003 0.3128357296875 0.35043625624999997 0.3473950640625 0.37328995468750004 0.379313446875 0.3961206578125 0.4033674359375 0.4131574484375 0.39191644062500003
0 0.351985703125 0.369650584375 0.314593309375 0.35743960625 0.333977271875 0.387236290625 0.3304026 0.43383464062500005 0.3593750578125 0.44313988125000003 0.349868496875 0.40704686875 0.369912203125 0.40864933125 0.3854685328125 0.3985360046875 0.3971052484375 0.317055084375 0.3849036734375 0.289968134375 0.3727940828125 0.294338765625 0.351985703125 0.369650584375
1 0.6047088328125 0.584186734375 0.6178949984375001 0.524961334375 0.5962558515625 0.48537456093750003 0.5700933859374999 0.5063852484375 0.5571271375 0.5562125734375 0.5744168890625 0.6312699390625001 0.6047088328125 0.584186734375
6 0.619283471875 0.49216608281249996 0.6179769312500001 0.46837688593750004 0.6178619515625 0.42905490156250004 0.60594928125 0.4161630640625 0.590763790625 0.383887053125 0.580794403125 0.3587257953125 0.5754403203125 0.3044246671875 0.5477054109374999 0.2953154359375 0.536150634375 0.3202119015625 0.5460970234375 0.3375087625 0.5610625984375 0.379182846875 0.5836733890625 0.412634909375 0.5872351124999999 0.4462142 0.5950642937499999 0.5009073500000001 0.619283471875 0.49216608281249996
1 0.53052774375 0.427799728125 0.517364575 0.49488952499999994 0.5359278203125 0.497829653125 0.5803646234375 0.46556398281250005 0.5933768671874999 0.43146545 0.565330059375 0.40029670624999997 0.53052774375 0.427799728125
1 0.6772082921875 0.3346924859375 0.6954826296875 0.3234375015625 0.6620228 0.30241647656250004 0.597739209375 0.31581721875 0.5797997671874999 0.3569961109375 0.5937477078125 0.3890761125 0.6772082921875 0.3346924859375
1 0.6593608343749999 0.4073289640625 0.611674203125 0.428074859375 0.6077876328125 0.4526137 0.6271485984375 0.474545984375 0.671388484375 0.45954278437499996 0.7121356375000001 0.434553484375 0.7224758625 0.417325403125 0.706121809375 0.408446571875 0.6593608343749999 0.4073289640625
1 0.5637576125 0.37017679062500003 0.5512671359375 0.328894725 0.5299398890625 0.31136746249999997 0.4880011796875 0.35188954687499996 0.525774465625 0.4097532234375 0.5637576125 0.37017679062500003
6 0.45528302812500004 0.246089846875 0.48531911250000004 0.2807179640625 0.5135858375 0.3024886328125 0.5184900421874999 0.287543875 0.50235590625 0.269266971875 0.4638308953125 0.2081399265625 0.44459785937499996 0.1453519828125 0.4382031421875 0.0735923734375 0.4094505984375 0.05488905937500001 0.41480468281249994 0.10919019062499999 0.42729516093750003 0.1504722578125 0.430925871875 0.2076447359375 0.45528302812500004 0.246089846875
1 0.41568144062499995 0.23981757187500002 0.42130142968750006 0.300449425 0.45752526250000003 0.33605758125 0.48223026406249997 0.3242489609375 0.48958657343749995 0.30183182343750004 0.471151259375 0.258036034375 0.41568144062499995 0.23981757187500002
1 0.3787000796875 0.5373854109375 0.398199021875 0.606504071875 0.41181206875000004 0.608660165625 0.42795915156250003 0.54675943125 0.423819621875 0.4847899125 0.4130525171875 0.44063649531250004 0.38315440624999997 0.4531947609375 0.3787000796875 0.5373854109375
6 0.5321490812499999 0.3054287625 0.5447444906250001 0.297990771875 0.5230593546875 0.2426752078125 0.5163987296875 0.1645848765625 0.50412816875 0.11390473593749999 0.48706837968750005 0.11749133593750001 0.49448073125 0.198845028125 0.5002976390625 0.24221440625000001 0.514268575 0.2821588078125 0.5321490812499999 0.3054287625
6 0.4090509640625 0.4258533578125 0.46698583281249995 0.356421796875 0.4975896765625 0.33139810625 0.536150634375 0.3202119015625 0.514071659375 0.299421275 0.46492756562500004 0.3293692359375 0.43507545 0.3576562921875 0.4079643421875 0.392666084375 0.3757061140625 0.4441543140625 0.36468314999999996 0.4817122171875 0.38934215625 0.4541748046875 0.4090509640625 0.4258533578125