2 0.735396071875 0 0 0.12967016874999998 0 0.51175115625 0.0815618375 0.9743113234375 0.9222958625000001 0.82606723125 0.776637921875 0 0.735396071875 0
1 0.13021111093749999 0.7809819140625 0.1301433734375 0.785929959375 0.1795274375 0.8047233531250001 0.201826675 0.8085481265625001 0.24327495156249998 0.8089964078125 0.282605478125 0.802766534375 0.3049195984375 0.796011321875 0.3470005859375 0.77871910625 0.3768656375 0.761465415625 0.40771028593749997 0.7391028953125 0.46716124531250003 0.6870158015625 0.4926850921875 0.64514191875 0.5014039453125 0.6252704578125 0.493000684375 0.5936097828125 0.49292474531249997 0.561185934375 0.48784512343750003 0.5430423609374999 0.46996970937500004 0.54830975 0.369002740625 0.60489660625 0.28030455781249997 0.667076875 0.26709414531250003 0.6828042171875001 0.24617424062499998 0.6921342203124999 0.22293337812499997 0.7096302 0.1547255984375 0.7653768296875 0.13021111093749999 0.7809819140625
1 0.49368624843750003 0.581501225 0.5034837234375 0.615736690625 0.5629444125 0.6863452640625 0.600391690625 0.7227569 0.640521690625 0.7530542375 0.685519903125 0.7789673921875 0.73745121875 0.80154258125 0.7839262640625 0.8145025 0.8136409609375 0.817724884375 0.8482916046875 0.811615040625 0.8805304671874999 0.7918273124999999 0.8896110875 0.774007534375 0.88563165 0.7514390234375 0.871501175 0.72995525625 0.8392161375 0.6961591671875 0.773651584375 0.644255803125 0.626267575 0.56023903125 0.6081807484375 0.5429786640625001 0.60240068125 0.54752363125 0.5823397828125 0.5510609093750001 0.555119484375 0.5459883796875 0.5519692859374999 0.5387871140625 0.5371383640625 0.539991890625 0.4952457015625 0.55301995625 0.49368624843750003 0.581501225
1 0.5183280031249999 0.5186281578124999 0.5215987906249999 0.5265133171875 0.5357441484375001 0.5374171 0.5663558234375 0.5510586843749999 0.575715590625 0.5508186187499999 0.6073068609375001 0.5593513734375 0.6379334171875 0.5624129734375 0.66991621875 0.5518374421875001 0.6710164046875 0.5474125046875 0.6634952359375 0.5367510140625 0.5849763328125 0.491362796875 0.5599035484375 0.4718084546875 0.5520057296875 0.469675265625 0.526473678125 0.47417725624999996 0.5327063359374999 0.49352783437500003 0.5183280031249999 0.5186281578124999
1 0.299972396875 0.5973241109375 0.3003870171875 0.605007734375 0.3172530703125 0.6260091437499999 0.3306748953125 0.6328095609375 0.34545296406250003 0.62597284375 0.3878577484375 0.5945203859375 0.39176124375 0.5846650484375 0.3823255359375 0.5524812640625 0.3450665828125 0.5118054796875 0.328524328125 0.47664382656250004 0.2896084203125 0.49055732656249995 0.2754415 0.5381854078125 0.299972396875 0.5973241109375
1 0.08315162968749999 0.5354231171875 0.0887813421875 0.5513542234375 0.10461494843750001 0.5718325234375 0.112995121875 0.5767012890625 0.13255877968750002 0.5810084203125 0.179319653125 0.5635961703125 0.24048194375 0.54787550625 0.2819071328125 0.5215318796874999 0.277483309375 0.512439715625 0.26666158906250004 0.5150530359375 0.26306700625 0.521328115625 0.197089359375 0.5470649015625 0.1509232296875 0.530524728125 0.1311861265625 0.519901765625 0.1253003515625 0.5131828546875 0.10628678437500001 0.50666325625 0.0918704828125 0.5155516546875 0.0857815 0.52367688125 0.08315162968749999 0.5354231171875
6 0.2808515984375 0.49421686249999996 0.2856223046875 0.51594069375 0.3281179125 0.5063321000000001 0.32157634062499996 0.490561778125 0.3300011609375 0.4636905890625 0.3536864078125 0.4327182609375 0.360152040625 0.416064734375 0.3750127296875 0.3936999859375 0.370053696875 0.3762403078125 0.36373841875 0.37241775781249997 0.345742415625 0.377001253125 0.324122065625 0.4090198 0.3180182 0.42772501093750004 0.2808515984375 0.49421686249999996
1 0.343573340625 0.45001492968749995 0.3460528578125 0.4587447703125 0.3597009765625 0.47749295937499997 0.374584753125 0.481920121875 0.3774260359375 0.4927016453125 0.3745021328125 0.49744815156250005 0.3831383671875 0.493104721875 0.398451646875 0.4946355203125 0.41632705937500003 0.48936813125 0.415362346875 0.4838969765625 0.419559875 0.48104136718749996 0.41683918125 0.47094373906250003 0.38541315 0.43135492500000006 0.3771304796875 0.4003781453125 0.37263891875 0.396234025 0.343573340625 0.45001492968749995
6 0.3806275609375 0.420211078125 0.38541315 0.43135492500000006 0.457971865625 0.52292415625 0.47504112656249997 0.5290814312500001 0.49066331874999997 0.5270319734375 0.49518464375000004 0.5100161234375 0.4916875625 0.4901831890625 0.4777305296875 0.47501525625 0.46757949062500004 0.4761 0.45370507499999996 0.4454040375 0.472371759375 0.43929196875 0.47243949531249996 0.434343925 0.451255325 0.415514228125 0.42996544999999997 0.3854206546875 0.4010569046875 0.3707736046875 0.3842139390625 0.376564103125 0.37618065 0.3843270046875 0.3806275609375 0.420211078125
4 0.19527079375 0.41411082187500003 0.59284133125 0.344008409375 0.5417115906250001 0.0540372375 0.1441410515625 0.12413965 0.19527079375 0.41411082187500003
6 0.4480143046875 0.3864690984375 0.46257428437500003 0.40505650312499997 0.46543045000000005 0.405258040625 0.4645863265625 0.40047077968749994 0.45985358906249996 0.39495887343749997 0.46448062031250004 0.38920690156250004 0.48278553593750007 0.38104315 0.4967046 0.37999915781250004 0.4524596890625 0.3370293984375 0.44103502499999997 0.3362232453125 0.424674415625 0.344749321875 0.41419957968750004 0.35999430781249997 0.4155111765625 0.37809712968750003 0.4480143046875 0.3864690984375
5 0.080183653125 0.18266260781250002 0.08411023749999999 0.19959917968750002 0.0876370859375 0.19827214531249998 0.09537634218749999 0.183509515625 0.0952029015625 0.17719368124999998 0.09095251875 0.17441735 0.080183653125 0.18266260781250002
5 0.0495504171875 0.2275528875 0.053612473437499995 0.23459336875 0.085068271875 0.2530222125 0.092830615625 0.2650514921875 0.11767710468749999 0.2726580609375 0.12356287968749999 0.279376971875 0.147429775 0.29209237187500003 0.1427647734375 0.28163241875 0.096643290625 0.233352290625 0.091669375 0.22647259531250002 0.09252838125 0.2206798703125 0.0811185984375 0.20929373281250002 0.07564744531249999 0.21025844375 0.065149521875 0.19871152187500002 0.0486303546875 0.1903417796875 0.044674004687500005 0.1945651765625 0.06713179999999999 0.21528576875 0.0724674828125 0.2242171484375 0.0709377953125 0.231538446875 0.06820221875 0.232020803125 0.0495504171875 0.2275528875
5 0.08015388749999999 0.2038225796875 0.084645446875 0.20796669687499997 0.09278444218750001 0.21146767500000002 0.1078565421875 0.21163068593749998 0.09899401249999999 0.20402634375 0.0881194421875 0.201007721875 0.08015388749999999 0.2038225796875
5 0.1246697421875 0.22700015625 0.1281288546875 0.23062116562499999 0.16371444375 0.251142446875 0.181733534375 0.2733508609375 0.1975820203125 0.2832491765625 0.1879959578125 0.2715414671875 0.1872724234375 0.267438103125 0.19214063125 0.26305391875 0.18874925625 0.254484865625 0.1754629046875 0.23778835781250002 0.1647766578125 0.23050558593749998 0.1269906984375 0.218834178125 0.1246697421875 0.22700015625
5 0 0.4366238296875 0.044693465625 0.4399565109375 0.0900452375 0.4305494546875 0.0995255953125 0.43099328281249993 0.156520125 0.396968259375 0.20949056718749998 0.3721146796875 0.21362035937499999 0.37420711562500003 0.219400428125 0.369662146875 0.23221930624999998 0.373043090625 0.23913752968750002 0.3802851109375 0.23390755312499997 0.382617609375 0.238157934375 0.385393940625 0.26217518281249996 0.37763326406250003 0.2730646375 0.37007190156249997 0.276282571875 0.3723251234375 0.2959139671875 0.37168420625 0.32509345624999997 0.366539075 0.32559069531249996 0.35869466875 0.3133747609375 0.35873319375 0.307262690625 0.3400665109375 0.31097786250000004 0.334475325 0.30922188125 0.32984884999999997 0.290931846875 0.3274326171875 0.272574078125 0.32996443124999997 0.235120121875 0.34150467500000004 0.1852470234375 0.36792758281250004 0.1690598546875 0.382769490625 0.0866538625 0.4219804 0.035710346875 0.431668271875 0.005204378125 0.4292905671875 0 0.42765565 0 0.4366238296875
5 0.0970147890625 0.358099640625 0.099562040625 0.361881434375 0.16138012968749998 0.3552121828125 0.186429825 0.347974615625 0.18090581875 0.34330738906249997 0.1692399765625 0.34113344687499997 0.12201163125 0.3452301328125 0.10687179531249999 0.3500151671875 0.0970147890625 0.358099640625
5 0.3016150421875 0.16406784375 0.31172143281250003 0.1947230546875 0.32595761562500003 0.22747069999999997 0.338158665625 0.23801215781249999 0.3487094421875 0.25519102031249996 0.34772984687499997 0.26029985 0.35514530781250003 0.2596974609375 0.3615134375 0.26915195000000003 0.36734635937500004 0.2702389203125 0.3694789921875 0.2663370921875 0.34782734843749996 0.2341918359375 0.33328225312500004 0.20502444843749998 0.334932528125 0.19838704375 0.32857928125 0.17835257031250001 0.329468053125 0.15139987500000002 0.3333038140625 0.14649258437499998 0.3256092046875 0.129515259375 0.317281884375 0.130278434375 0.3143579828125 0.1350249390625 0.30694252187500004 0.135627328125 0.3100778359375 0.1534085796875 0.308427559375 0.160045984375 0.3016150421875 0.16406784375
5 0.1525822828125 0.17201225 0.15797081875000002 0.186575565625 0.1668333484375 0.19417990937500001 0.18433211249999998 0.197440821875 0.18985612031250002 0.20210805 0.2115077625 0.23425330625 0.21737865312500002 0.2515522015625 0.22970029374999998 0.262777553125 0.237356934375 0.2635429546875 0.24339306249999998 0.2497857890625 0.22642130468750002 0.2175205 0.20791985781250003 0.19257650937499998 0.19620116406250002 0.184770628125 0.1890268796875 0.1867408046875 0.17462545937500001 0.18504921875 0.1443375828125 0.1572473921875 0.1372310359375 0.154269525 0.13934878281250002 0.16094768125 0.1525822828125 0.17201225
5 0.1998880953125 0.285663184375 0.2037618265625 0.296967815625 0.21420689531249998 0.3028827984375 0.20554757499999998 0.28043432031250004 0.19856161562500002 0.278140346875 0.19802640625 0.2697728296875 0.19425838125 0.2697320765625 0.19309046093749999 0.279105059375 0.1998880953125 0.285663184375
5 0.15131838749999998 0.29281701875 0.15180074375 0.2955525953125 0.20266984687499998 0.3387646453125 0.206437871875 0.3388053984375 0.2044407109375 0.3328111359375 0.1795562515625 0.3089926421875 0.15599827187499998 0.29269698593750004 0.15131838749999998 0.29281701875
5 0.49068182968749996 0.297852565625 0.493779171875 0.2994218921875 0.5064774625 0.3021189421875 0.554497078125 0.29717757499999997 0.5755226890625 0.299111453125 0.6112057796875 0.2935247171875 0.62696344375 0.2815791703125 0.624966284375 0.27558490625 0.6137150609375001 0.2810945890625 0.4926938703125 0.29326684375 0.49068182968749996 0.297852565625
5 0.20265859062499997 0.13074520625 0.20999143281250002 0.145670846875 0.2191100234375 0.14406299375 0.2321700796875 0.14881172812500001 0.2389677140625 0.155369853125 0.253678046875 0.15348118125000001 0.25581067968750004 0.14957935312499998 0.25138685625 0.14048719062499998 0.2175572484375 0.124592384375 0.2088681609375 0.123303875 0.20265859062499997 0.13074520625
5 0.4487727578125 0.23613684375 0.4479137515625 0.24192956875 0.46049145312500006 0.2439427234375 0.48487046874999995 0.23823373124999997 0.5027987359375 0.23859828125 0.541111696875 0.22126531093750001 0.5512627343750001 0.220180565625 0.558090134375 0.20557872187499998 0.5658145109375 0.20139607656249997 0.56691469375 0.1969711390625 0.54922760625 0.1979743796875 0.5396795125 0.20247859531249998 0.5178775140625 0.19080941406250002 0.5134916609375 0.1979291734375 0.51091464375 0.21530734843750002 0.5003341015625 0.21928845625 0.4872740453125 0.2145397234375 0.47906731249999995 0.2159867921875 0.4671305265625 0.2336050296875 0.46019742187499996 0.236942996875 0.4487727578125 0.23613684375
5 0.370278465625 0.30286430625 0.37661683125 0.3334787640625 0.3889384703125 0.3447041171875 0.3998807796875 0.3427746921875 0.4045078109375 0.33702272031249997 0.4015459375 0.325557303125 0.3828033140625 0.2992455234375 0.3717404171875 0.300491053125 0.370278465625 0.30286430625