3 1 0.0116666671875 0.025 0.0116666671875 0.025 1 1 1 1 0.0116666671875
0 0.5587500000000001 0.1433333328125 0.53625 0.15 0.52125 0.1616666671875 0.52 0.1675 0.5275000000000001 0.1691666671875 0.545 0.1616666671875 0.55125 0.1625 0.55625 0.1675 0.56375 0.1566666671875 0.5675 0.1608333328125 0.57625 0.1625 0.585 0.17333333281250002 0.59375 0.1775 0.5962500000000001 0.1858333328125 0.5912499999999999 0.1966666671875 0.59875 0.1966666671875 0.60375 0.19083333281249998 0.60375 0.1808333328125 0.5974999999999999 0.1608333328125 0.64125 0.1625 0.6487499999999999 0.1666666671875 0.65125 0.16499999999999998 0.62375 0.1516666671875 0.6 0.1458333328125 0.60625 0.1375 0.62625 0.135 0.62625 0.1308333328125 0.61875 0.12833333281249998 0.59375 0.1308333328125 0.575 0.13999999999999999 0.56375 0.11916666718749999 0.56375 0.11333333281249999 0.56375 0.1075 0.5599999999999999 0.10833333281249999 0.55625 0.11916666718749999 0.5587500000000001 0.1433333328125
0 0.395 0.1125 0.40625 0.1233333328125 0.42374999999999996 0.1308333328125 0.43624999999999997 0.1308333328125 0.44000000000000006 0.13333333281249998 0.429217428125 0.145697659375 0.42724854062500006 0.14504136406249998 0.428427815625 0.14904769375 0.42463418124999996 0.1618617484375 0.4276690890625 0.1684373828125 0.43222145 0.16759435312499998 0.43980872031249996 0.1581524171875 0.4456256265625 0.1498907234375 0.45375 0.1525 0.46624999999999994 0.14250000000000002 0.47625 0.1583333328125 0.4858381546875 0.16371641406249998 0.48760851718750003 0.1500593296875 0.48 0.1341666671875 0.49000000000000005 0.1308333328125 0.4925 0.125 0.48250000000000004 0.11916666718749999 0.47375 0.11916666718749999 0.465 0.125 0.45999999999999996 0.1233333328125 0.46125 0.0991666671875 0.45875000000000005 0.0991666671875 0.44625000000000004 0.1075 0.44031453750000005 0.12375679531249999 0.42750000000000005 0.1183333328125 0.395 0.1125
0 0.39125 0.21916666718750002 0.4025 0.225 0.425 0.22833333281249998 0.4225 0.2383333328125 0.42625 0.24416666718750002 0.4425 0.2416666671875 0.45375 0.2375 0.4625 0.2508333328125 0.47000000000000003 0.2558333328125 0.48250000000000004 0.2558333328125 0.48125 0.2508333328125 0.4725 0.25 0.465 0.24583333281250003 0.46375 0.2375 0.46875 0.2258333328125 0.48125 0.2208333328125 0.48375 0.2166666671875 0.46375 0.2108333328125 0.4375 0.2108333328125 0.43499999999999994 0.20750000000000002 0.423116728125 0.20738536562499998 0.41375 0.2008333328125 0.40263109999999996 0.2004725203125 0.3917560140625 0.20131554999999998 0.3909972859375 0.2085656078125 0.39706710312500004 0.21311796875 0.3892269234375 0.2171645125 0.39125 0.21916666718750002
1 0.79125 0.3508333328125 0.755 0.4033333328125 0.7525000000000001 0.4158333328125 0.75875 0.4258333328125 0.764694509375 0.453592084375 0.7825 0.41 0.8025 0.38166666718750003 0.82875 0.35750000000000004 0.9037499999999999 0.3008333328125 0.925 0.2783333328125 0.91875 0.2783333328125 0.89875 0.2816666671875 0.85625 0.3016666671875 0.8237500000000001 0.3225 0.79125 0.3508333328125
1 0.62375 0.3866666671875 0.68625 0.4175 0.7262500000000001 0.445 0.74375 0.46666666718750005 0.7474999999999999 0.4525 0.74125 0.43916666718749997 0.71 0.41 0.67125 0.38333333281250004 0.635 0.365 0.5962500000000001 0.3516666671875 0.55375 0.34249999999999997 0.51375 0.3375 0.50734375 0.3375 0.4625 0.3375 0.44000000000000006 0.3416666671875 0.55 0.3616666671875 0.62375 0.3866666671875
1 0.74375 0.44000000000000006 0.74375 0.4341666671875 0.75125 0.42833333281249997 0.745 0.4033333328125 0.7325 0.38416666718750003 0.70375 0.35583333281249996 0.68625 0.3325 0.615 0.29 0.58375 0.2783333328125 0.58125 0.2783333328125 0.635 0.3125 0.6875 0.3566666671875 0.735 0.41916666718749995 0.74375 0.44000000000000006
1 0.43125 0.5758333328125 0.40750000000000003 0.6 0.49375 0.5491666671875 0.56375 0.5233333328125 0.62625 0.5058333328125 0.6912499999999999 0.49583333281249997 0.7162499999999999 0.49749999999999994 0.74375 0.5141666671875 0.7474999999999999 0.5241666671874999 0.7474999999999999 0.5158333328125 0.74375 0.5133333328125 0.7474999999999999 0.5091666671875 0.74 0.5016666671875 0.7175 0.4933333328125 0.6675 0.48333333281249996 0.6587500000000001 0.48333333281249996 0.61375 0.4883333328125 0.5599999999999999 0.5033333328125 0.47000000000000003 0.5483333328125 0.43125 0.5758333328125
1 0.7675 0.475 0.7775000000000001 0.4725 0.79875 0.4591666671875 0.82125 0.4516666671875 0.8625 0.45583333281250005 0.9075 0.46666666718750005 0.9237500000000001 0.475 0.96125 0.5 0.9824999999999999 0.52 0.9925 0.5241666671874999 0.9824999999999999 0.49416666718749996 0.97625 0.4858333328125 0.9550000000000001 0.47000000000000003 0.9225 0.4625 0.885 0.44666666718750003 0.8425 0.44000000000000006 0.835 0.44000000000000006 0.8099999999999999 0.4408333328125 0.7787499999999999 0.4491666671875 0.7675 0.4583333328125 0.7675 0.475
1 0.76375 0.6741666671875 0.7625 0.6849999999999999 0.7675 0.6941666671875 0.7737499999999999 0.6900000000000001 0.78125 0.6775 0.78125 0.6708333328125 0.78625 0.6708333328125 0.79625 0.65 0.8025 0.6475 0.8262499999999999 0.6083333328125 0.8825 0.5316666671875 0.885 0.5133333328125 0.88375 0.5133333328125 0.865 0.525 0.85 0.5408333328125 0.79 0.62 0.76375 0.6741666671875
1 0.79 0.5608333328125 0.84375 0.545 0.865 0.5241666671874999 0.8550000000000001 0.5241666671874999 0.82125 0.53 0.80375 0.5366666671875 0.7875 0.5483333328125 0.79 0.5608333328125
1 0.8800000000000001 0.5408333328125 0.99875 0.5491666671875 0.99875 0.5333333328125 0.9512499999999999 0.5241666671874999 0.945 0.5241666671874999 0.8887499999999999 0.5241666671874999 0.88125 0.5325 0.885 0.5383333328125001 0.8800000000000001 0.5408333328125
1 0.5900000000000001 0.6441666671874999 0.63125 0.6541666671875 0.70125 0.6775 0.73375 0.6916666671875 0.7474999999999999 0.7016666671875 0.74875 0.7 0.7474999999999999 0.6891666671875 0.72375 0.6733333328125 0.69875 0.6616666671875 0.66125 0.6491666671874999 0.595 0.6341666671875 0.52125 0.6266666671875 0.52 0.6266666671875 0.5 0.6291666671875 0.4215319109375 0.6293293328125 0.5175 0.635 0.5900000000000001 0.6441666671874999
1 0.52625 0.6266666671875 0.55375 0.6283333328125 0.67 0.6208333328125 0.72 0.6233333328125 0.76125 0.6308333328125 0.7537499999999999 0.6191666671875 0.745 0.615 0.7 0.6066666671875 0.693125 0.6066666671875 0.6587500000000001 0.6066666671875 0.57875 0.615 0.5325 0.6224999999999999 0.52625 0.6266666671875
1 0.7125 0.7983333328125 0.6725 0.8216666671875 0.6575 0.8341666671875 0.6487499999999999 0.8491666671875 0.6537499999999999 0.8483333328124999 0.65625 0.8441666671875 0.66125 0.845 0.6900000000000001 0.8275 0.72375 0.8116666671875 0.765 0.7975 0.8400000000000001 0.7791666671875 0.9400000000000001 0.7633333328125 0.93125 0.7575000000000001 0.91625 0.7566666671875 0.909375 0.7566666671875 0.86875 0.7575000000000001 0.825 0.7625 0.74 0.7866666671875 0.7125 0.7983333328125
1 0.5912499999999999 0.7833333328125 0.57875 0.8158333328125 0.57875 0.8275 0.58375 0.8266666671875 0.5925 0.8033333328125 0.61625 0.7725 0.63375 0.7583333328124999 0.655 0.7466666671875 0.67625 0.74 0.69375 0.7383333328125 0.73 0.7416666671875001 0.75125 0.7541666671875 0.755 0.7533333328125 0.75125 0.74 0.7325 0.7283333328125 0.7075 0.7208333328125 0.68625 0.7191666671875 0.68125 0.7191666671875 0.6537499999999999 0.7258333328125001 0.625 0.745 0.61 0.7591666671875 0.5912499999999999 0.7833333328125
4 0.77775625 1 0.77775625 0.8834333328125 0.51296875 0.8834333328125 0.51296875 1 0.77775625 1
1 0.50625 0.9358333328124999 0.51 0.9824999999999999 0.51625 0.985 0.515 0.9583333328125001 0.5325 0.9 0.55625 0.8583333328125 0.57375 0.8458333328125001 0.6412034703125 0.8581043968750001 0.609143296875 0.8335645109375 0.5775 0.8316666671874999 0.575 0.8300000000000001 0.56125 0.8341666671875 0.54375 0.8483333328124999 0.5175 0.8891666671875 0.50625 0.9358333328124999
1 0.56125 0.915 0.55 0.9308333328125 0.5425 0.9550000000000001 0.55 0.97 0.55625 0.9541666671875 0.575 0.9266666671875001 0.6012500000000001 0.9033333328125 0.615 0.8966666671875 0.6224999999999999 0.8866666671875001 0.6224999999999999 0.885 0.61875 0.8883333328124999 0.595 0.8925000000000001 0.58 0.9 0.56125 0.915
6 0.75125 0.805 0.745 0.8108333328124999 0.73625 0.8108333328124999 0.73125 0.8141666671875001 0.69625 0.8716666671875 0.69625 0.8741666671875 0.70375 0.8766666671875001 0.7025 0.8808333328125 0.69625 0.8816666671875 0.68875 0.8908333328125 0.68625 0.905 0.6775 0.9075 0.6775 0.9258333328124999 0.67125 0.9275 0.67 0.9233333328125 0.66625 0.9233333328125 0.6575 0.9341666671875 0.66125 0.9333333328125001 0.66625 0.9391666671875001 0.67125 0.9375 0.67625 0.9275 0.68625 0.9216666671875 0.7075 0.9 0.70875 0.8925000000000001 0.71875 0.8883333328124999 0.7175 0.9041666671874999 0.7112499999999999 0.9075 0.7025 0.9199999999999999 0.6925 0.9233333328125 0.69375 0.9275 0.6875 0.9341666671875 0.675 0.9391666671875001 0.67375 0.9525 0.68875 0.9533333328125 0.7 0.95 0.705 0.9383333328125 0.7125 0.9341666671875 0.72875 0.9091666671875 0.75125 0.8866666671875001 0.7525000000000001 0.8775000000000001 0.75875 0.8733333328124999 0.7837500000000001 0.8183333328125 0.7887500000000001 0.8008333328124999 0.78625 0.795 0.7837500000000001 0.795 0.77625 0.7983333328125 0.76625 0.7983333328125 0.76125 0.805 0.75125 0.805
1 0.78 0.9266666671875001 0.775 0.9158333328125 0.74875 0.8975 0.7474999999999999 0.8975 0.73625 0.9083333328125001 0.7462500000000001 0.9099999999999999 0.7787499999999999 0.9358333328124999 0.78 0.9266666671875001
1 0.795 0.8933333328125 0.765 0.8733333328124999 0.7625 0.8716666671875 0.7575000000000001 0.875 0.7575000000000001 0.8791666671874999 0.79875 0.9025000000000001 0.795 0.8933333328125
1 0.95 0.7625 0.95 0.7675 0.9949999999999999 0.7925 0.99875 0.7849999999999999 0.9949999999999999 0.7775000000000001 0.945 0.7441666671875 0.9075 0.7258333328125001 0.8550000000000001 0.71 0.8474999999999999 0.71 0.8375 0.7125 0.88375 0.7325 0.92125 0.7525000000000001 0.95 0.7625
1 0.885 0.7091666671875 0.9550000000000001 0.7258333328125001 0.9925 0.74 0.97 0.7241666671875 0.9400000000000001 0.7125 0.89625 0.7008333328125 0.8400000000000001 0.6916666671875 0.83125 0.6916666671875 0.80625 0.6950000000000001 0.80625 0.7025 0.8387499999999999 0.7025 0.885 0.7091666671875
6 0.7625 0.6725 0.77125 0.6541666671875 0.7725 0.6416666671875 0.76125 0.6366666671875 0.75875 0.6366666671875 0.75125 0.6525000000000001 0.75 0.6666666671875 0.755 0.6716666671875 0.7625 0.6725
6 0.78125 0.6799999999999999 0.78 0.7058333328125 0.77625 0.7083333328125 0.7825 0.7108333328125 0.79125 0.7091666671875 0.8025 0.7016666671875 0.80375 0.6975 0.80375 0.6599999999999999 0.79875 0.6441666671874999 0.79875 0.6433333328125 0.79625 0.6616666671875 0.79 0.6658333328125 0.7875 0.6775 0.78125 0.6799999999999999
6 0.7837500000000001 0.7283333328125 0.7737499999999999 0.7191666671875 0.75875 0.7191666671875 0.7575000000000001 0.7433333328125 0.75875 0.7483333328125 0.76625 0.7533333328125 0.76625 0.7591666671875 0.74875 0.7666666671875 0.74375 0.7833333328125 0.8 0.7675 0.80625 0.7416666671875001 0.80625 0.7208333328125 0.8012499999999999 0.7141666671875 0.79875 0.7141666671875 0.795 0.7208333328125 0.79125 0.7208333328125 0.7925 0.7241666671875 0.7837500000000001 0.7283333328125
6 0.75125 0.4925 0.75 0.5058333328125 0.75875 0.5091666671875 0.7625 0.5175 0.75625 0.53 0.74875 0.5316666671875 0.75125 0.5541666671875001 0.75625 0.5633333328125001 0.7575000000000001 0.6166666671875001 0.75875 0.6233333328125 0.7625 0.6224999999999999 0.7675 0.6266666671875 0.76625 0.6316666671875 0.775 0.6316666671875 0.7787499999999999 0.6341666671875 0.7787499999999999 0.6333333328124999 0.795 0.6141666671875 0.8 0.5983333328125 0.79 0.5725 0.7837500000000001 0.5741666671875 0.78 0.5708333328124999 0.7787499999999999 0.5641666671875 0.7837500000000001 0.5525 0.7737499999999999 0.525 0.77125 0.4841666671875 0.765 0.48250000000000004 0.7625 0.4766666671875 0.75875 0.4791666671875 0.7525000000000001 0.47416666718749995 0.75875 0.47083333281249995 0.755 0.4683333328125 0.75125 0.4716666671875 0.7462500000000001 0.4691666671875 0.7462500000000001 0.48333333281249996 0.75125 0.4925
6 0.6425 0.8775000000000001 0.64 0.8808333328125 0.6224999999999999 0.8808333328125 0.61125 0.9116666671875 0.61625 0.9400000000000001 0.6224999999999999 0.9483333328124999 0.63625 0.9433333328125 0.63625 0.9324999999999999 0.64625 0.9133333328125 0.6475 0.8883333328124999 0.6425 0.8783333328125 0.645 0.865 0.635 0.8641666671875001 0.63 0.8641666671875001 0.62625 0.8733333328124999 0.6325000000000001 0.8716666671875 0.63375 0.8683333328125 0.6425 0.8775000000000001