3 0.13789504375 0.9231800828125 0.9824696953125001 0.8344117093750001 0.8982496203125001 0.0331112109375 0.053674968749999996 0.1218795828125 0.13789504375 0.9231800828125
0 0.44118370156250003 0.72941244375 0.445623134375 0.7716508265625001 0.4511531203125 0.7749518734375 0.45236387499999997 0.7864714312500001 0.468953834375 0.796374571875 0.47961022187499996 0.7991368109375 0.5261514203125001 0.7981274046875 0.5360006390625001 0.7932099390625 0.5836323906249999 0.7532631984375 0.5820180515625 0.7379037859375 0.5713616640625 0.7351415453125 0.5408866375 0.6917573453125 0.5097246453125 0.6911503296875 0.4442921796875 0.7096743734375 0.43484654687499996 0.71843169375 0.435653715625 0.7261113984375 0.44118370156250003 0.72941244375
0 0.35173356875 0.76598993125 0.3596850640625 0.7923300953125 0.3983949671875 0.8154374203125 0.3940757359375 0.8236559328125 0.43670128750000003 0.8347048921875 0.44182768906250003 0.8341660859375001 0.451273321875 0.8254087671875 0.46342384843750006 0.7930735234374999 0.43525013125 0.7222715453124999 0.4297201453125 0.7189705 0.398961734375 0.7222033390625 0.3560528 0.75777141875 0.35173356875 0.76598993125
0 0.330300590625 0.7100085578125 0.35011922968750003 0.7506305203125 0.3603720328125 0.74955290625 0.42419015781249997 0.7156694515625001 0.461852490625 0.6301832828125 0.46455738281250003 0.606605359375 0.40073925624999995 0.640488815625 0.379830065625 0.6388041875 0.3873779765625 0.6613044984374999 0.3929079625 0.6646055453125 0.3760346203125 0.701319446875 0.330300590625 0.7100085578125
0 0.48114734375 0.6165084984375 0.48829166874999996 0.63516895625 0.49341807031249996 0.63463015 0.4997552265625 0.6456109031249999 0.5167487687500001 0.6593538953125 0.519170278125 0.6823930109375 0.5247002640625 0.6856940578125 0.5917470687499999 0.6825294265624999 0.6011927015625 0.6737721062500001 0.6271080953125 0.624461034375 0.6254937546875 0.609101621875 0.6136266125 0.5948198234375 0.6025666390625 0.58821773125 0.5812538640625 0.5826932515625 0.5634531515625001 0.561270553125 0.548073946875 0.5628869734374999 0.53943548125 0.5793239984375 0.5158213984375 0.60121729375 0.5051650109375 0.5984550546875 0.48114734375 0.6165084984375
1 0.5783085703124999 0.5053573874999999 0.6031048 0.510685175 0.6491260624999999 0.527668878125 0.7405761171874999 0.5398953093750001 0.8132436578125001 0.53266205625 0.8497540953125 0.5255893640625 0.8847340562499999 0.5142290015625 0.9194761640625 0.496675128125 0.90801260625 0.4862331828125 0.8926334015625 0.48784960312500003 0.8177553015625 0.5151309640624999 0.7515156671875001 0.5259753015624999 0.657222515625 0.5164745546875 0.60313340625 0.49498365 0.5775013999999999 0.49767768281249997 0.5783085703124999 0.5053573874999999
1 0.5815372484375 0.536076209375 0.613909996875 0.5482027828125 0.6774447375 0.5609363703125 0.7875206796875001 0.5726605484375 0.9028070140625 0.561775828125 0.8773743984375001 0.5399229156249999 0.861591609375 0.53769948125 0.8611880234375 0.5338596296875 0.7338351546874999 0.5550094984375 0.659644025 0.539513671875 0.6281151390625 0.5341406281250001 0.5478110671875001 0.49768537031250004 0.5518670125 0.5166106046875 0.5815372484375 0.536076209375
1 0.21186957031250003 0.6681043625 0.21780314218750002 0.6752452609375 0.23871233281249998 0.6769298874999999 0.274193559375 0.6693183890625 0.32856605 0.6441922531250001 0.3841492984375 0.6305856750000001 0.4184197703125 0.6114546171875 0.48926202031250005 0.5457747265624999 0.48805126718749997 0.53425516875 0.47658770937500006 0.5238132234374999 0.4741662 0.50077410625 0.4517628703125 0.5341869625 0.3856434359375 0.59548819375 0.3363973453125 0.620075521875 0.2705612953125 0.6347597125 0.2547785046875 0.6325362796875 0.241417225 0.6533519625 0.21186957031250003 0.6681043625
1 0.19140694687499998 0.522728759375 0.2032740890625 0.5370105578125 0.24117682343750002 0.552438175 0.29877799375 0.5580308625 0.41115524375 0.5423372671875 0.484419003125 0.49969649374999997 0.5119487328125001 0.46574483125 0.509123640625 0.43886586093749996 0.48349163281249996 0.44155989375000004 0.45987754843750006 0.463453190625 0.45636548593750004 0.47935140781249996 0.4134565515625 0.514919490625 0.34883125625 0.5411232390625 0.3180728453125 0.5443560781250001 0.243881715625 0.5288602515624999 0.21663536875 0.516194871875 0.19140694687499998 0.522728759375
1 0.2302800328125 0.44876214687499993 0.23581002031249998 0.4520631953125 0.25159281093749997 0.4542866265625 0.2737127546875 0.4674908125 0.2950255296875 0.4730152921875 0.36800590624999996 0.47699156093750006 0.39363791406250004 0.474297528125 0.39836073125000004 0.46991886875000005 0.42911913906250004 0.4666860296875 0.4633896125 0.447554971875 0.4728352453125 0.43879765312499996 0.475136553125 0.41137987656249997 0.46448016562500005 0.4086176359375 0.4601609328125 0.41683614843749994 0.44990812968749994 0.4179137625 0.42589046093749994 0.43596720624999996 0.4010656234375 0.44634094375 0.3703072140625 0.4495737828125 0.26967690625 0.42909228437499997 0.24917130156249997 0.431247509375 0.24485207031249998 0.43946602187500006 0.2302800328125 0.44876214687499993
1 0.5228885046875 0.4218900296875 0.535966403125 0.4476913859375 0.6007118984375001 0.47194453281250004 0.6622287171875 0.46547885468750005 0.82655695 0.401620003125 0.8462553859374999 0.391785071875 0.8741887015625001 0.3616732640625 0.8422195390624999 0.35338654375 0.7689557781249999 0.3960273171875 0.7047340671875 0.4260709203125 0.67437924375 0.4331436109375 0.64321725 0.4325365984375 0.6384944328125 0.43691525625 0.5860196625 0.4307837640625 0.553646915625 0.418657190625 0.5228885046875 0.4218900296875
1 0.5204669953125001 0.39885091250000004 0.55836973125 0.41427853125 0.5788753375 0.4121233046875 0.6108445015624999 0.42041002499999997 0.6676385015624999 0.41832300624999996 0.6731684890625 0.42162405312500006 0.749660928125 0.4097021015625 0.764636546875 0.4042458296875 0.758299390625 0.3932650765625 0.6971861578125 0.403570609375 0.691656171875 0.40026956093750005 0.645114971875 0.40127896874999996 0.5598638703125001 0.3791810484375 0.559460284375 0.375341196875 0.5180454875 0.37581179531250003 0.5204669953125001 0.39885091250000004
5 0.25865991718750003 0.2749593640625 0.2950685125 0.3254844640625 0.3417299125 0.374931953125 0.2949005125 0.3036598578125 0.288350046875 0.26100090468750003 0.3622560328125 0.2857436515625 0.4485404625 0.29060789531250003 0.4489753375 0.275080959375 0.355946971875 0.2453815109375 0.337339934375 0.22566346875 0.36529160312500003 0.2064703421875 0.5539732796875 0.2245093203125 0.616700853125 0.22956320156249999 0.6757961625 0.20005840625000001 0.67498899375 0.19237869999999999 0.637893428125 0.18463078593749999 0.610243496875 0.16812555468749998 0.392916709375 0.17155616406250002 0.3061714671875 0.184555728125 0.2915994328125 0.193851853125 0.25704557656250004 0.2595999515625 0.25865991718750003 0.2749593640625