3 0.8163169640625 0.0892857140625 0.2853794640625 0.0892857140625 0.2853794640625 0.9582142859375 0.8163169640625 0.9582142859375 0.8163169640625 0.0892857140625
4 0.671227678125 0.655290178125 0.3507366078125 0.655290178125 0.3507366078125 0.999977678125 0.671227678125 0.999977678125 0.671227678125 0.655290178125
1 0.491071428125 0.7892219375 0.5357142859375 0.7366071421875 0.596301021875 0.66007653125 0.5803571421875 0.6313775484375 0.5436862234375 0.6425382640625 0.5006377546875 0.7095025484375 0.473533165625 0.74617346875 0.491071428125 0.7892219375
1 0.733418365625 0.6903698968749999 0.7700892859375 0.723852040625 0.7732780625 0.688775509375 0.731823978125 0.6473214281249999 0.6712372453125 0.6218112234375 0.6010841828125 0.6218112234375 0.6010841828125 0.6409438796875 0.6648596921875 0.6648596921875 0.733418365625 0.6903698968749999
1 0.4225127546875 0.5915178578125 0.3842474515625 0.5867346921875 0.35554846875 0.6090561203125 0.36830357187499996 0.6218112234375 0.4145408171875 0.6090561203125 0.4655612234375 0.6297831656249999 0.483099490625 0.6265943890625 0.4225127546875 0.5915178578125
1 0.45280612031249995 0.5149872453125 0.390625 0.46077806250000003 0.35235969218749996 0.446428571875 0.29496173593749997 0.4591836734375 0.2885841828125 0.47512754843750005 0.34757653125 0.46875 0.404974490625 0.48469387968750005 0.43048469218749996 0.518176021875 0.45121173593749997 0.5500637765625 0.45280612031249995 0.5149872453125
1 0.4719387765625 0.3029336734375 0.5006377546875 0.3284438796875 0.5006377546875 0.2885841828125 0.45599489687499994 0.2869897953125 0.36830357187499996 0.333227040625 0.326849490625 0.40178571406249997 0.3587372453125 0.38584183437499997 0.40816326406250003 0.3316326515625 0.4719387765625 0.3029336734375
1 0.4097576515625 0.333227040625 0.37308673593749997 0.35235969218749996 0.40816326406250003 0.3651147953125 0.446428571875 0.35235969218749996 0.46237245156249995 0.35235969218749996 0.49585459375 0.38584183437499997 0.5086096921875 0.3491709203125 0.473533165625 0.33003826406250003 0.4097576515625 0.333227040625
1 0.4496173484375 0.2024872453125 0.47991071406249997 0.2503188796875 0.5102040796875 0.27742346875 0.491071428125 0.21524234843749998 0.46077806250000003 0.16741071406250002 0.440051021875 0.135522959375 0.4496173484375 0.2024872453125
0 0.674426021875 0.234375 0.6265943890625 0.21524234843749998 0.604272959375 0.20727040625 0.5803571421875 0.20727040625 0.58992346875 0.2375637765625 0.5596301031250001 0.2503188796875 0.5500637765625 0.27423469218749996 0.5596301031250001 0.3093112234375 0.5707908171875 0.341198978125 0.6010841828125 0.333227040625 0.6074617359375 0.361926021875 0.6281887765625 0.3587372453125 0.6521045937500001 0.32366071406249997 0.6999362234375 0.32366071406249997 0.6855867359375 0.27264030781250004 0.674426021875 0.234375
1 0.7095025484375 0.2407525484375 0.7015306109375 0.22480867343750002 0.6409438796875 0.2232142859375 0.5660076515625 0.25669642812500004 0.5277423484375 0.3109056109375 0.5341198968749999 0.33960459374999996 0.5628188796875 0.2869897953125 0.6329719375 0.239158165625 0.7095025484375 0.2407525484375
1 0.604272959375 0.2184311203125 0.66007653125 0.1897321421875 0.7126913265625 0.1594387765625 0.604272959375 0.19132653125000001 0.5357142859375 0.22640306250000003 0.516581634375 0.29496173593749997 0.5277423484375 0.3061224515625 0.5532525484375 0.2662627546875 0.604272959375 0.2184311203125
6 0.518176021875 0.5229591828125 0.5245535718750001 0.577168365625 0.5803571421875 0.4432397953125 0.5596301031250001 0.42889030781250004 0.518176021875 0.5229591828125
1 0.596301021875 0.377869896875 0.5500637765625 0.404974490625 0.5723852046875 0.46077806250000003 0.5978954062499999 0.43845663437500004 0.6297831656249999 0.40338010312500006 0.6441326515625 0.3667091828125 0.596301021875 0.377869896875
0 0.7653061203125 0.31728316562500003 0.766900509375 0.283801021875 0.7589285718750001 0.2598852046875 0.73820153125 0.248724490625 0.717474490625 0.2327806109375 0.688775509375 0.229591834375 0.66007653125 0.229591834375 0.6632653078125 0.333227040625 0.6871811203125 0.35554846875 0.7206632640625 0.3443877546875 0.7429846921875 0.3316326515625 0.7653061203125 0.31728316562500003
6 0.5277423484375 0.3443877546875 0.49904336562499996 0.33960459374999996 0.49904336562499996 0.4001913265625 0.4942602046875 0.516581634375 0.4878826515625 0.6170280625 0.483099490625 0.6584821421875 0.5102040796875 0.6871811203125 0.526147959375 0.639349490625 0.518176021875 0.5420918343750001 0.5293367359375 0.46237245156249995 0.5277423484375 0.3443877546875
6 0.4719387765625 0.610650509375 0.4703443890625 0.5660076515625 0.448022959375 0.5660076515625 0.448022959375 0.6074617359375 0.4496173484375 0.6664540796875 0.4655612234375 0.7142857140625 0.491071428125 0.6871811203125 0.4783163265625 0.6489158171875 0.4719387765625 0.610650509375