3 1 0.8108705984375 0.9594520921875 0.0371704296875 0.057100315624999995 0.0844606828125 0.1050816984375 1 0.5130929609375 1 1 0.9744822828125 1 0.8108705984375
0 0.5251047062499999 0.340264084375 0.5296329578125001 0.31557920156249997 0.5160072875 0.3055363625 0.4650004765625 0.30429790625 0.457487446875 0.2998021328125 0.4188081375 0.31160825625 0.395154884375 0.332405925 0.418102846875 0.353695034375 0.41186755 0.3735798671875 0.41864461249999996 0.391804846875 0.4464785921875 0.39523564375000003 0.45643462812499996 0.390802259375 0.4575283609375 0.38389962031249997 0.47899415 0.3769072296875 0.505632178125 0.385290215625 0.53409990625 0.37304135625 0.541991134375 0.3569813515625 0.5251047062499999 0.340264084375
0 0.45568838125 0.209929371875 0.45705809375 0.1805205078125 0.42835525625 0.16051089999999998 0.418245890625 0.1620186125 0.40009196874999997 0.1766606578125 0.3854747859375 0.17547090625 0.3740672515625 0.179980359375 0.37001941718750003 0.1860599140625 0.3743534734375 0.2132140515625 0.36299704843749997 0.21869872968749998 0.36796485 0.23017320937500002 0.3858938984375 0.239012615625 0.4108759953125 0.24357077500000002 0.422385746875 0.24101176875000002 0.45568838125 0.209929371875
0 0.3543391796875 0.220130371875 0.3446080125 0.20108230625 0.3267300734375 0.19321812656249998 0.2958908828125 0.1879890203125 0.276132134375 0.1997814625 0.3157620875 0.23388694375000002 0.3407441828125 0.23844510312499997 0.3543391796875 0.220130371875
0 0.3281509375 0.3036466640625 0.329929525 0.28203959375 0.311642709375 0.2663736203125 0.31528166875 0.252492271875 0.300051175 0.23959983125 0.2693653125 0.2372963984375 0.255054784375 0.2419579921875 0.2477257578125 0.2687454625 0.271511903125 0.2782558125 0.283001221875 0.303079153125 0.307574440625 0.2998355203125 0.3281509375 0.3036466640625
0 0.44712253437499994 0.296433725 0.44505772656250003 0.2848071046875 0.4357865453125 0.2745360578125 0.395420628125 0.2541597828125 0.337054115625 0.25135122656250003 0.3181846609375 0.2523401328125 0.3015333453125 0.26788133125 0.28266389062499997 0.2688702375 0.273014509375 0.2791549671875 0.2844527171875 0.3030030828125 0.307574440625 0.2998355203125 0.322344953125 0.30395094375 0.3318205703125 0.3181228875 0.324767525 0.3224041328125 0.3281816109375 0.332004234375 0.3431054515625 0.33904533125 0.3718287234375 0.3316725921875 0.386926325 0.3142570140625 0.4019012734375 0.322273334375 0.4157518171875 0.3088347234375 0.43306755468749997 0.3059714390625 0.44712253437499994 0.296433725
0 0.5764794796875 0.265206846875 0.57841139375 0.2465254484375 0.5678420453124999 0.23925614374999998 0.5472655484375 0.2354449984375 0.5421955296875 0.2220200703125 0.5274250171875 0.21790464687500002 0.5129611640625 0.2196405671875 0.48485120156250006 0.23871599687499997 0.45696611562499995 0.234309975 0.44936110625000003 0.283603671875 0.46044155 0.30062521875 0.5309311265625001 0.31257745937500003 0.5496472515625 0.3086628796875 0.559194415625 0.296427703125 0.5496676859375 0.281280534375 0.5764794796875 0.265206846875
0 0.63999779375 0.310773128125 0.6408870890625 0.29996959218749997 0.5771234640625 0.3052671078125 0.5602166015625001 0.3159321859375 0.5548706 0.32501348124999996 0.5531942296875 0.3485710015625 0.5712254999999999 0.3593608546875 0.579351840625 0.375559315625 0.629367140625 0.3856508609375 0.6536337046875 0.3765558828125 0.6436981015625001 0.35360692031249996 0.6655420921874999 0.326058753125 0.665082109375 0.31728173593750003 0.63999779375 0.310773128125
0 0.5243585453125 0.43711555312500006 0.5107021984375 0.3987151453125 0.49722985625 0.3915979796875 0.47685779687499996 0.39168773125 0.43759243750000004 0.4015687625 0.40043958125 0.4054716671875 0.36756625625 0.4169735109375 0.362271365625 0.42703003125 0.403679903125 0.4395284421875 0.40910768906249995 0.459779940625 0.4196770390625 0.467049246875 0.4589696609375 0.4669458125 0.4731268609375 0.459358546875 0.4725902125 0.4491186921875 0.4897270671875 0.44284212343749996 0.5003475265625 0.45108665312499996 0.5206684765625 0.4500216765625 0.5243585453125 0.43711555312500006
1 0.4064500046875 0.409068284375 0.40619445781249996 0.40419216406249997 0.3054278921875 0.39773828437500003 0.2533273484375 0.403402465625 0.23616493906249997 0.40919142343750003 0.24092830312500002 0.41676500625 0.25574992343749997 0.42185565468749997 0.35931726249999996 0.426206946875 0.38908315625 0.4109563453125 0.4064500046875 0.409068284375
0 0.4219564796875 0.3994545 0.4093223234375 0.380558575 0.395696653125 0.3705157375 0.3204948203125 0.3519651359375 0.3030768625 0.35287797187500003 0.2919248765625 0.362263546875 0.30682827968750004 0.3966869890625 0.314239090625 0.3992323140625 0.3522846515625 0.40310584687500006 0.41770420937499997 0.40163315781250003 0.4219564796875 0.3994545
1 0.670448675 0.6974046296874999 0.6665234953125 0.6780522859375 0.651620090625 0.64362884375 0.61670239375 0.616121721875 0.54954511875 0.5844367890625 0.46527654375000005 0.5595160375 0.39613624375 0.5455372781250001 0.26437716093749997 0.5309286203125 0.1582134859375 0.5325808125 0.113523753125 0.5407903187499999 0.1137793 0.5456664390625 0.1270472046875 0.5488827078125 0.2714608796875 0.5550049453125 0.384248290625 0.5686520609375 0.4284064953125 0.5780726609375 0.491843028125 0.5943061468749999 0.5349586109375 0.6116046078124999 0.6164059765625 0.66601029375 0.641796946875 0.6783702468749999 0.6662986234375 0.701533734375 0.670448675 0.6974046296874999
1 0.6303280640625 0.6261645609375 0.6124194484375 0.589942809375 0.5610241968749999 0.5535202124999999 0.513298578125 0.5315738390625 0.41876731093749997 0.505235128125 0.363201571875 0.5003239828125 0.31530218906249996 0.5028342828125 0.2561997109375 0.513754934375 0.2290812640625 0.5239772765625 0.23965061406250002 0.53124658125 0.3237862953125 0.5258593140625 0.4116938296875 0.5368987187500001 0.46637027499999995 0.5526133984375 0.5643667390625 0.5895274374999999 0.6303280640625 0.6261645609375
1 0.5724317328125 0.5490107578125001 0.5711539984375 0.5246301546875001 0.520678715625 0.50576159375 0.46760709531250005 0.49289651562500003 0.36373310000000003 0.482693878125 0.3071247390625 0.485660596875 0.1888175640625 0.5055514515625 0.098651021875 0.534724446875 0.133640265625 0.5358244453125 0.220372284375 0.52443369375 0.2336401890625 0.5276499640625001 0.244689959375 0.516313940625 0.2763673328125 0.5097642859375 0.33277125625 0.5028966703125 0.37206387812499997 0.5027932374999999 0.427629615625 0.5077043812500001 0.47919863124999995 0.5196703046875 0.564029409375 0.5553185218750001 0.5724317328125 0.5490107578125001
1 0.7595929421875 0.37100279375 0.759337396875 0.3661266734375 0.7330571328125 0.3645702546875 0.7031379109375 0.376895184375 0.7025041640625 0.392574840625 0.713840153125 0.414472509375 0.7595929421875 0.37100279375
1 0.7002451562500001 0.432787240625 0.6984052203125 0.3976791703125 0.6893895875 0.39228424375 0.6822854328125 0.395590265625 0.6477357390625 0.43064962968750004 0.6543901484375 0.47430650625000004 0.67040771875 0.4744449640625 0.7002451562500001 0.432787240625
1 0.55946024375 0.49590591875 0.5592966765625 0.43724032968750004 0.5489828734375 0.43484714531249996 0.554717315625 0.4609499875 0.5440764203125 0.4800878046875 0.55946024375 0.49590591875
1 0.54330978125 0.4654594421875 0.542645359375 0.45278152812499994 0.5322293375 0.4484378953125 0.53174891875 0.46704322343750004 0.54330978125 0.4654594421875
1 0.6190216109375 0.4357532421875 0.57293254375 0.3641609046875 0.551691625 0.347671846875 0.55357243125 0.3280152234375 0.535490053125 0.31625014687499997 0.52490026875 0.3363631875 0.5448941265625 0.3568292125 0.5373606640624999 0.3797157859375 0.5563630093749999 0.40903489843749996 0.59059418125 0.464777996875 0.6382278671875 0.50146595625 0.6190216109375 0.4357532421875
1 0.6739445453124999 0.7363375265625 0.6750382765625 0.7294348875 0.64934065 0.7112235890624999 0.5886026734375001 0.6909370671875 0.491986159375 0.68035408125 0.41177565625 0.7050936921875001 0.37050001093749996 0.7229033 0.1951672671875 0.8296881624999999 0.1314490859375 0.9071600140625 0.1669391015625 0.8925916296875 0.31680488125 0.7814577953125 0.32986835000000003 0.7807731671875 0.40215695 0.7437359906250001 0.46785248749999997 0.719757078125 0.5171522578125 0.716195484375 0.5624553031249999 0.7196886671875 0.6227332953125 0.731198171875 0.6745578562500001 0.748040215625 0.682960178125 0.741732453125 0.6739445453124999 0.7363375265625
1 0.653981359375 0.7442290703125 0.6331493171875 0.7355418046875 0.5639579078125 0.7205878218749999 0.5112951625 0.7155245375 0.45919462031249997 0.7211887203125 0.43192284374999995 0.7284853890625 0.42066863750000005 0.7359205156249999 0.42232457031250004 0.73974534375 0.4834407484375 0.7394760875 0.5609322609375 0.746171859375 0.646141240625 0.7612643 0.654594671875 0.7559317609375 0.653981359375 0.7442290703125
1 0.9257484343750001 0.48648859375000003 0.9247773578125 0.46795933593749994 0.90684830625 0.4591199296875 0.8687005250000001 0.4532959484375 0.7471325906249999 0.4665123734375 0.6943471921875 0.48688098750000003 0.667586509375 0.5039298984375 0.6582233484375 0.54744831875 0.67304496875 0.5525389671875 0.7121024796875 0.520177065625 0.7743839312499999 0.48659805 0.799059371875 0.485304865625 0.804609809375 0.480124465625 0.8511599140625 0.4796406828125 0.8865171390625 0.4738760796875 0.9257484343750001 0.48648859375000003
1 0.6912705234375001 0.7892141578125 0.6866093765625 0.783591021875 0.6543698 0.779413209375 0.6010221984374999 0.7890543578125 0.5209139140625 0.8157444171874999 0.452979803125 0.8525533843750001 0.40106326093750005 0.8895008093750001 0.3583156828125 0.9347688328125001 0.353531884375 0.9545775937500001 0.373801725 0.9525373937499999 0.41410629375 0.9161985265625001 0.4730247703125 0.873994634375 0.5848819734374999 0.8143477984375 0.5920372375 0.8120170015625 0.59809876875 0.81658884375 0.6398344 0.807556253125 0.6912705234375001 0.7892141578125
4 0.9044904812500001 0.7473971921875 0.4835565203125 0.76945740625 0.49343748749999994 0.9579974921875 0.9143714484375 0.935937278125 0.9044904812500001 0.7473971921875
1 0.609915178125 0.8198811828125001 0.608105915625 0.8131306828125 0.5848308640625001 0.813372575 0.5028417734375 0.85971925625 0.464755340625 0.910610415625 0.45986932343750003 0.9284687281249999 0.46384561093750004 0.9487962968750001 0.47545758437499996 0.9481877390625 0.4885925953125 0.921095990625 0.517540740625 0.8902418015625001 0.566400959375 0.85052084375 0.5918123640624999 0.8354984515625 0.609915178125 0.8198811828125001
5 1 0.7576342109375 0.9996215093749999 0.7574077234375001 0.963967846875 0.7436298109374999 0.9066439546874999 0.732943390625 0.8851474906250001 0.7115782109375 0.8688232640625 0.7055884078125 0.8543083015624999 0.70634910625 0.8274454 0.72144756875 0.8279564921875 0.731199809375 0.8698250171874999 0.7524752375 0.8663393859375 0.7692822578125 0.8712356421875 0.807163859375 0.9545025109375 0.9240599609375 0.9746292609375 0.9748340046875 1 0.97350438125 1 0.968086546875 0.9984358421874999 0.956962009375 0.95971561875 0.884670646875 0.9258405421875 0.8492856625 0.9083919109374999 0.8218409281250001 0.8951955515625001 0.7922175375 0.893560053125 0.7610103640625 0.901400171875 0.7439751343750001 0.9189714578125001 0.7459879703125 0.9588262828125 0.756612003125 1 0.7764519421875 1 0.7576342109375
5 0.9978532031249999 0.9736168890625001 0.9934680406249999 0.945487528125 0.9532963203125 0.8732722359375 0.9097923 0.8207896343750001 0.8947355671875 0.78344051875 0.8948786562500001 0.730626275 0.88530081875 0.7145038828125 0.8735866281250001 0.7131619921875 0.8730346656249999 0.75817444375 0.8678931015625 0.7711566359375001 0.8708267671875 0.7993620671875 0.8983132203125 0.8517062109375001 0.9449757812499999 0.9089127921875001 0.9724622343749999 0.9612569359375 0.9746292609375 0.9748340046875 0.9978532031249999 0.9736168890625001
5 1 0.756662471875 0.9995704 0.7564325000000001 0.949146225 0.7385391625 0.8963812609374999 0.7315254296875 0.8969945734375001 0.7432281203125 0.9485635890624999 0.7551940421875 1 0.778732821875 1 0.756662471875
5 1 0.8186559875 0.960615109375 0.7907448484375 0.9533576265624999 0.791125196875 0.94790940625 0.7982560453125 0.9720022078125 0.813617740625 1 0.8420264578125 1 0.8186559875
5 0.82587125 0.7469555359375 0.8266072156250001 0.733226328125 0.8121433609375 0.7349622484375 0.8080444171875 0.740066578125 0.7664621140625 0.7520248421875 0.7019931984375 0.799409134375 0.6828477656249999 0.8229042671875 0.68102830625 0.8992760296875 0.708105884375 0.9438183796875 0.7148114031249999 0.9884504812499999 0.7351323515625 0.9873855062500001 0.73487680625 0.982509384375 0.7491362234375 0.9768725671875 0.7627107843750001 0.9859401812499999 0.775774253125 0.9852555546874999 0.773964990625 0.9785050546875 0.7343350390625 0.9443995734374999 0.7255442765625 0.915523196875 0.7612081359375 0.8461788484375001 0.800177065625 0.8398989953125 0.7990288265625 0.87353383125 0.820934165625 0.902700803125 0.8330061203125 0.9108692640625 0.8402636031249999 0.9104889140625 0.8228660812499999 0.8840194046875001 0.8203617234375 0.836233421875 0.8132780046875 0.8121570968749999 0.803853496875 0.7989603765625 0.787273721875 0.788094453125 0.782305921875 0.7766199734375 0.7949605156249999 0.7681335515625001 0.809475478125 0.7673728546875 0.8103136640624999 0.7555940953125 0.82587125 0.7469555359375
5 0.8570886828125 0.8704910421875001 0.854666109375 0.8520378531249999 0.8414186390625 0.8214392374999999 0.8429927906250001 0.7959312703125 0.8356330890624999 0.7943611703125 0.830869725 0.7867875859375 0.8192066453125 0.7864209203125 0.8173462734375001 0.778695196875 0.8146988265624999 0.78372345625 0.834447378125 0.855053278125 0.8502911859375001 0.8796484078125 0.8570886828125 0.8704910421875001