3 0.1836134078125 0.712510346875 0.8179877828125001 0.6792641953125 0.785724534375 0.0636447515625 0.15135015937500002 0.0968909046875 0.1836134078125 0.712510346875
0 0.6548006953125001 0.46234364375 0.633220990625 0.5054575921875 0.674268725 0.49864159375000006 0.738294465625 0.5232748140625 0.7689257953124999 0.5092300859375001 0.812670834375 0.4820586875 0.7366523625 0.444059646875 0.757111090625 0.42743819062500005 0.7334339390625 0.35870738593749996 0.7194107984375 0.42630412812499996 0.693442675 0.38568205624999996 0.6759740671875 0.4114763640625 0.6931833796875 0.4525574625 0.6548006953125001 0.46234364375
0 0.2959022765625 0.628870684375 0.29630734531249997 0.51689478125 0.3368997296875 0.47744920312500005 0.3293431640625 0.452966409375 0.2859554453125 0.46301489218749997 0.2479455796875 0.384150753125 0.23049372968749998 0.4581468875 0.20502996874999999 0.47503064687499996 0.1966129875 0.529894171875 0.2436409578125 0.5414238765625 0.2512465390625 0.590782915625 0.2959022765625 0.628870684375
0 0.301247871875 0.56328364375 0.33551945625 0.5708170984375001 0.3224715234375 0.6570218437500001 0.3649820640625 0.67811785 0.34752895 0.63238475 0.37172469218750004 0.5673647390625 0.4208320859375 0.522808125 0.4188004109375 0.48404145156249995 0.39518903125 0.488388721875 0.3812303984375 0.5093343015625 0.3830982734375 0.42527040781250003 0.361745609375 0.424834528125 0.3441634796875 0.472403746875 0.33423467812499996 0.474479021875 0.299573515625 0.50739405625 0.301247871875 0.56328364375
0 0.186343621875 0.5972941875 0.2224675890625 0.5922911562500001 0.251198790625 0.68563590625 0.2775564890625 0.68580948125 0.29809521875 0.5510094578125 0.21638932500000002 0.5241929640625 0.1814030953125 0.5509053265625 0.186343621875 0.5972941875
1 0.5977291328125001 0.3549348921875 0.5976646265625 0.40158605312500006 0.6134111328125 0.41475514843749994 0.63863109375 0.39321938749999996 0.6646959781249999 0.3638647171875 0.6780044765625 0.3305138015625 0.6685142609375 0.31701683125 0.6212102328125 0.3241607078125 0.5977291328125001 0.3549348921875
0 0.6457980859375 0.458150675 0.675584490625 0.45192485781249997 0.6769002562499999 0.405208121875 0.6992926328125 0.37760084374999997 0.6608286828125001 0.385836359375 0.648006521875 0.30876203750000003 0.636420125 0.303149553125 0.621454034375 0.32881270625000003 0.624509928125 0.41106363437500004 0.6389239078125 0.4227476375 0.6590253140625 0.423249090625 0.6457980859375 0.458150675
1 0.4122693296875 0.6227721453124999 0.437309996875 0.5499332234375001 0.4296231515625 0.49902351562499997 0.40580022343750005 0.47539320468749996 0.3801416734375 0.5125012109375 0.3870648625 0.572780496875 0.4122693296875 0.6227721453124999
6 0.4739512875 0.2914501453125 0.4454161390625 0.29761038906250004 0.434415371875 0.3510543953125 0.42187053125 0.37503573281249997 0.40339446562500003 0.4055476171875 0.39019949062500003 0.41712361875 0.38597487343750003 0.4562181734375 0.38218884218750004 0.47974048125 0.405361634375 0.4909654546875 0.41886491875000004 0.4373902921875 0.42591712031249995 0.4043672546875 0.451900740625 0.373461915625 0.4711404609375 0.33358045468749997 0.48284037656249995 0.3174180296875 0.4739512875 0.2914501453125
1 0.4454496578125 0.394014040625 0.414298471875 0.42208035 0.423675165625 0.45735223593749996 0.46449585937500004 0.4940860640625 0.48326473906249995 0.493102428125 0.4771864734375 0.42500423125 0.4454496578125 0.394014040625
1 0.41836055625 0.3798844609375 0.4355853609375 0.3494381546875 0.422048559375 0.30660966093750003 0.3595178796875 0.286562865625 0.32404405000000003 0.3039712296875 0.3410418140625 0.31707474687500004 0.41836055625 0.3798844609375
1 0.396455784375 0.4167957390625 0.351198921875 0.3911788828125 0.3045772859375 0.387402515625 0.28738473125 0.39452324375000003 0.29586748749999997 0.41273779375 0.3337793296875 0.44184943906249996 0.376208603125 0.46139477656250005 0.39775605625 0.4416064109375 0.396455784375 0.4167957390625
1 0.5274148484375 0.3539551296875 0.4899415953125 0.309271240625 0.46689908124999996 0.32447318125 0.450161878125 0.36422349062500003 0.48380008593749996 0.407553440625 0.5274148484375 0.3539551296875
6 0.5664786515625 0.21351946718749998 0.52177516875 0.2702846921875 0.5038189609375 0.286774996875 0.5071341453125 0.3021505140625 0.537521678125 0.283453784375 0.571012846875 0.252154990625 0.5992551796875001 0.21646650156249997 0.608842153125 0.1599867328125 0.6255793578125 0.1202364234375 0.6365801249999999 0.0667924140625 0.6060300609375 0.082387809375 0.5921694546875 0.15308588125 0.5664786515625 0.21351946718749998
1 0.5539828265625 0.262377053125 0.531070596875 0.304005909375 0.536043378125 0.3270691859375 0.5593787046875 0.34139549375 0.5991261671875 0.309768825 0.611053121875 0.25005656875 0.5539828265625 0.262377053125
1 0.6167275875 0.549859903125 0.6210979812499999 0.4656648546875 0.59267635 0.45005018281250003 0.577352940625 0.492836253125 0.5667585093749999 0.5540335984375 0.5763467484375 0.6172830625 0.59011059375 0.61656173125 0.6167275875 0.549859903125
6 0.5039647328125 0.2416745015625 0.47661633906249995 0.294420328125 0.48836526718749995 0.30313415 0.5085801953125 0.2818606921875 0.5266499234375 0.24359547187500002 0.5369683000000001 0.2010717078125 0.552843821875 0.12093848125 0.536252390625 0.11558829531249999 0.5187515312500001 0.1647081828125 0.5039647328125 0.2416745015625
6 0.5069716125 0.29904917656249996 0.48284037656249995 0.3174180296875 0.520020815625 0.332573671875 0.547841321875 0.360659253125 0.5982012421875 0.43576630312500003 0.6148416859375 0.465992734375 0.6364871640625 0.49595686250000004 0.6294504546875 0.457452490625 0.6027509265625 0.4028744171875 0.5794478562500001 0.3652225296875 0.5527160765625 0.3339700375 0.5069716125 0.29904917656249996