3 0.0966589859375 0 0.0644199328125 0.92320569375 0.9674596062499999 0.9547405343750001 1 0.022905571875 1 0.0171556125 0.5087275453125 0 0.0966589859375 0
0 0.44831513437500004 0.605682478125 0.4205452703125 0.609598521875 0.414087309375 0.6279390015625 0.42066869375 0.647711984375 0.3980957734375 0.6693983484375 0.42210839218749996 0.68978004375 0.46098785624999994 0.700909321875 0.4684212796875 0.6962831140625 0.5193987078125 0.6941546546875 0.53284703125 0.6838755437499999 0.5278886578125 0.6592734499999999 0.5444807578125 0.6422640187499999 0.5363104453124999 0.62634418125 0.5076332828125001 0.6145940171875 0.4811456140625 0.623440625 0.459561059375 0.6168239296875 0.45834702656250004 0.60994143125 0.44831513437500004 0.605682478125
0 0.375518225 0.8161607453125 0.3796715453125 0.8221687296875 0.3911560421875 0.8264784078125 0.405750234375 0.8250337328124999 0.42415693125000004 0.8393567171875 0.43429107031249997 0.8406877671874999 0.4626403203125 0.8201802734375001 0.4607575609375 0.79079979375 0.4269175359375 0.7603033406249999 0.415364875 0.7579455984375 0.3904661359375 0.7629390609375 0.3726940859375 0.772090025 0.3679272984375 0.7836494578125001 0.3793777140625 0.7889351046875 0.375518225 0.8161607453125
0 0.3592457625 0.782369134375 0.3453332 0.7642944578125 0.3204344609375 0.7692879203125 0.2814057671875 0.8040798453125 0.3013673125 0.815525653125 0.3321105453125 0.8097591265625 0.34984851250000004 0.8015841312499999 0.3592457625 0.782369134375
0 0.3046262375 0.7638500968749999 0.31962940781250004 0.7506938109375 0.3157487390625 0.7368780859374999 0.33375936093749997 0.7208953484375 0.33160395 0.699322609375 0.3110971 0.7034922828125 0.28647101406250003 0.70067800625 0.2754166734375 0.72569808125 0.2518001296875 0.735622109375 0.2595955453125 0.762277590625 0.2739852484375 0.7666887203125 0.3046262375 0.7638500968749999
0 0.3311397109375 0.6709688234375 0.3278936890625 0.680627046875 0.33502037812499996 0.684784546875 0.3257935375 0.6991197062500001 0.3110971 0.7034922828125 0.287923615625 0.70072873125 0.27690335625 0.724772840625 0.2867307625 0.7348875984375 0.3056146015625 0.7355470359375 0.32253461250000004 0.7507952625 0.341418453125 0.7514547 0.399727059375 0.7476279359375 0.4397312140625 0.7265502828125 0.448821728125 0.7161189953125 0.450683309375 0.7044581109375 0.4364640140625 0.6951671421875 0.4191009421875 0.6926064937499999 0.405017971875 0.6794116546875 0.3901852078125 0.687688103125 0.37478596249999996 0.67053866875 0.34593839375 0.6636683421875 0.3311397109375 0.6709688234375
0 0.46160959999999995 0.7664006031249999 0.48941354375 0.7615085921875 0.5178521359375 0.7800905296875 0.5323440828125 0.78157375625 0.5470405203125 0.7772011796875 0.5518754703125001 0.7636898109375 0.5723823203125 0.7595201359375 0.5828231921875 0.7520674781250001 0.5805655359374999 0.7334226421875 0.553477303125 0.7178193328125 0.5627382265625 0.7025082078125 0.5529789843749999 0.6904415140625 0.5341973906249999 0.6868541734375 0.46392714375 0.7000348062499999 0.45314545624999997 0.717247140625 0.46160959999999995 0.7664006031249999
0 0.57366914375 0.63937466875 0.5558289296875001 0.65047756875 0.5579161796875 0.6740022437500001 0.56341985625 0.6829888546875 0.580510275 0.69335724375 0.64435664375 0.6975411234375 0.6432789359375 0.686754753125 0.6682458390625 0.6798093546875 0.6685525734375 0.671025646875 0.6462311281249999 0.6438629046875 0.6557647015625 0.6207440390625 0.6313431046875 0.6120739562499999 0.5815115453125 0.62303685 0.57366914375 0.63937466875
0 0.4202643421875 0.5343475640625 0.40982346875 0.5418002234375 0.4047499484375 0.5621433640625 0.36356584375 0.57536255 0.3690354390625 0.5853251312500001 0.4021044921875 0.5962515046875 0.4393198046875 0.5995054078125001 0.47875163125000003 0.608699659375 0.4991221546875 0.60843385625 0.512468234375 0.60108265 0.5254523203125 0.562449753125 0.5215375703125 0.549609996875 0.5012011281250001 0.5488998328125 0.4907261734375 0.5573284578125001 0.4734823890625 0.551351925 0.47384024374999995 0.5411042640625 0.459552784375 0.5337652312500001 0.4202643421875 0.5343475640625
1 0.3072422390625 0.6056418921875 0.40788082187499997 0.5974303765625 0.40805122968749996 0.5925505390625 0.390654075 0.590965859375 0.36062655625 0.576237065625 0.25715093125 0.5823951953125001 0.24242041093750002 0.587743740625 0.2377899515625 0.595399303125 0.255050778125 0.6008878531249999 0.3072422390625 0.6056418921875
0 0.323105725 0.6511451140625 0.39797235 0.6312848859375 0.4114206734375 0.6210057765625 0.42372312812499996 0.6018922328125 0.41943348125 0.5997881203125 0.3539981859375 0.599457384375 0.3160260203125 0.6039943140624999 0.3086607609375 0.6066685859375001 0.2943604 0.6413468859375 0.3056744890625 0.650536403125 0.323105725 0.6511451140625
1 0.3830677765625 0.433378540625 0.27053571875000004 0.4489919890625 0.1262508859375 0.45763366093749996 0.11304113281249999 0.461080996875 0.11287072499999999 0.465960834375 0.157696928125 0.47338914687500006 0.26387326875 0.47318827499999994 0.395357328125 0.4562823296875 0.4642431328125 0.441099034375 0.5480639484375 0.41471138906249994 0.614658015625 0.3818592265625 0.6490903296874999 0.353746896875 0.6633906921875 0.319068596875 0.666977528125 0.299650696875 0.662756046875 0.2955946484375 0.6386623609375001 0.319182221875 0.6134909687500001 0.3319834265625 0.5330055171875 0.387802278125 0.49019840156249994 0.4058505765625 0.42705484374999997 0.423188709375 0.3830677765625 0.433378540625
1 0.25599678593749997 0.49050206249999995 0.3152808546875 0.5003895703125 0.363216753125 0.502063528125 0.41868831718750005 0.49618337500000004 0.5127455140625 0.46819887656250003 0.560080846875 0.44542291875 0.6108326078124999 0.40810890000000005 0.6281063390625 0.3715801171875 0.5627944671875 0.40936284375 0.465457165625 0.44798153437500005 0.4110633078125 0.46464805625 0.3233618265625 0.47721997656250004 0.23914493750000002 0.47330190156249996 0.22870406562499998 0.48075455937499995 0.25599678593749997 0.49050206249999995
1 0.2444441265625 0.48814431875000003 0.2331981984375 0.4770028671875 0.21998844687500002 0.48045020312500003 0.13307084062500002 0.4705748703125 0.098106125 0.47228534843750003 0.1887680734375 0.4998802765625 0.307404371875 0.51770335625 0.3640558875 0.5196816703125 0.4677360015625 0.5076677359375 0.5205750124999999 0.49387839062500005 0.5707133062499999 0.4741317875 0.5715653453125 0.4497325984375 0.563054215625 0.44357243593750006 0.47885850625000004 0.480695725 0.42750617812499997 0.4935598296875 0.3720346140625 0.49943998125 0.332746171875 0.5000223140625 0.27623098281249997 0.4941401296875 0.2444441265625 0.48814431875000003
1 0.7153002453124999 0.581782440625 0.7043481484375 0.6038746125000001 0.7052554468750001 0.6195408203125 0.7353852125 0.6313417109375 0.761634309375 0.6293268750000001 0.7618047171875 0.6244470375 0.7153002453124999 0.581782440625
1 0.7013876828125001 0.5637077625 0.6708277609375 0.52257711875 0.6548150484375 0.5229950999999999 0.64892356875 0.5667614640624999 0.6840798703125001 0.6012125125 0.691240640625 0.604394046875 0.700160746875 0.598842596875 0.7013876828125001 0.5637077625
1 0.5553904984375 0.538089115625 0.5501124875000001 0.5642880625 0.560382953125 0.5617152421875 0.5595226390625 0.503055734375 0.5444172234375 0.5191399234375 0.5553904984375 0.538089115625
1 0.543462940625 0.546467015625 0.543906 0.5337794375 0.532319259375 0.5323976609375001 0.5331243109375 0.5509917718749999 0.543462940625 0.546467015625
1 0.5386915250000001 0.68310248125 0.5565658203125 0.6710236140625 0.5543422453125 0.6514028093750001 0.5752921546875001 0.6345455578125 0.62012474375 0.562159759375 0.6381812296875 0.4961218578125 0.5911950906250001 0.533635553125 0.557941984375 0.5899675765625 0.539454221875 0.6196138609374999 0.5473859640625001 0.642365471875 0.5277523328125 0.6631773203125 0.5386915250000001 0.68310248125
1 0.397918071875 0.258008728125 0.32499409375 0.2222388015625 0.3119206671875 0.22178226875 0.1601381609375 0.11328087812500001 0.124399296875 0.09933409843749999 0.1894598421875 0.175682115625 0.366629534375 0.27939073593749997 0.40820971562499997 0.296477271875 0.48883976718750005 0.3198132484375 0.5852568671875 0.307545684375 0.6456315453125 0.28620222812499996 0.6710074265625 0.2675452171875 0.66979339375 0.26066271875 0.6787135 0.25511126875 0.670202371875 0.24895110781250002 0.6186796375 0.2666950484375 0.5586116953125 0.279254796875 0.5133765125 0.2835380953125 0.46402209531249994 0.28083744374999997 0.397918071875 0.258008728125
1 0.4279455921875 0.2727375203125 0.455340559375 0.2795571203125 0.5075320203125 0.284311159375 0.560098378125 0.2783295546875 0.629018265625 0.26217029375 0.6496955234375 0.25312078125 0.6501045015625 0.2414091703125 0.6415592921875 0.23622497656250002 0.5566266890625 0.25280221875 0.4792638375 0.260849384375 0.41815226718750004 0.26164679375 0.4165633390625 0.2654999390625 0.4279455921875 0.2727375203125
1 0.67210168125 0.44444898437499997 0.6573711640625 0.44979752968750003 0.6674923984375 0.4931459125 0.69454655 0.5097251890625001 0.747679390625 0.5291694671875 0.8694594671875 0.5402622265625 0.907499796875 0.5337733609375 0.9252718484375 0.5246223984375 0.9259193984375 0.5060790140625 0.8869141968750001 0.5193742875 0.85146175 0.5142276296875 0.8049102921875001 0.5145563328125 0.7992702890625 0.5094735906250001 0.7745760374999999 0.5086112484374999 0.7117180359375 0.47612430781250004 0.67210168125 0.44444898437499997
1 0.36592307968750004 0.04973399375 0.34562071875 0.0480478609375 0.3507495 0.0677701171875 0.394280603125 0.1122851984375 0.446834059375 0.1483209265625 0.5154002281250001 0.1839386734375 0.5959621171875 0.2092265859375 0.64946985625 0.217935221875 0.681631609375 0.21319538750000003 0.6861939078125 0.2074917609375 0.63444550625 0.1900501421875 0.592558590625 0.1817473140625 0.586577771875 0.1864242484375 0.5793829203125 0.1842186828125 0.46650177187499997 0.1265331109375 0.4068557109375 0.0853639140625 0.36592307968750004 0.04973399375
4 0.47885634374999997 0.2308706109375 0.9001111984374999 0.24558115468750003 0.9067001828125001 0.056897339062499996 0.48544532812499996 0.0421867953125 0.47885634374999997 0.2308706109375
1 0.45239762499999997 0.07229690625 0.45759456875 0.0900672265625 0.49656337500000003 0.1402859359375 0.5793488390625 0.18519465156249998 0.6026245671875 0.1850303 0.6043157421875 0.178249253125 0.585943125 0.1629503 0.5602734140625001 0.1483736859375 0.5107274109375 0.10951150624999999 0.48124519374999997 0.07916723125 0.4676393671875 0.052308846875 0.45601854218750004 0.051903037500000006 0.45239762499999997 0.07229690625
5 1 0.21239611093750002 0.9542779031249999 0.2354194578125 0.9146145640625001 0.246737434375 0.897081084375 0.249056625 0.888944853125 0.23216081875 0.8900354625 0.20092985625 0.9027128125000001 0.17108066875 0.9196798093749999 0.14333559375 0.9529321734374999 0.107364796875 0.9903848406250001 0.0344086828125 0.9924168312500001 0.0178679609375 0.9662699765625 0.0169548921875 0.9470324203124999 0.0680724625 0.865818353125 0.18640396718750002 0.8615839671875 0.2243652515625 0.8653623906250001 0.2411088796875 0.82387155 0.26311177343750003 0.823530734375 0.27287145 0.85065305 0.287498790625 0.865179078125 0.28800605 0.88139628125 0.2817322625 0.9025165984375001 0.259995171875 0.9596452546875 0.248309940625 0.9950530296875 0.23391188281250003 1 0.23083312500000003 1 0.21239611093750002
5 0.8684720859375 0.23535452499999998 0.8698095406249999 0.28035048749999997 0.8814985265624999 0.278804359375 0.8907935312499999 0.2625172671875 0.8897287281249999 0.2097135640625 0.9041313343749999 0.1721073625 0.9467127828124999 0.11887350468749999 0.9856180531250001 0.045968117187500004 0.9895116234374999 0.0177665078125 0.9662699765625 0.0169548921875 0.9643402328124999 0.0305677125 0.937771496875 0.0833835890625 0.8921144359375001 0.14139583125 0.8655457 0.1942117078125 0.863104734375 0.22246404218750002 0.8684720859375 0.23535452499999998
5 1 0.21021727499999998 0.9440415203124999 0.2370163109375 0.8926891937500001 0.2498804140625 0.8922802140625 0.261592025 0.9449147359375001 0.2536584859375 0.9950189484375 0.23488785 1 0.2321085015625 1 0.21021727499999998
5 1 0.1429473421875 0.9664569359374999 0.17819245156250002 0.9426359015625 0.193972284375 0.9482077421874999 0.20100696093749998 0.9554707578125001 0.201260590625 1 0.1685215296875 1 0.1429473421875
5 0.8077823984375 0.1824229921875 0.8144448484375 0.1582267046875 0.81611484375 0.1104042921875 0.8330477593750001 0.0836351859375 0.8257847437500001 0.08338155625 0.8138571875 0.09175945625000001 0.79246421875 0.1213042875 0.794199290625 0.1549139609375 0.7551266984375 0.149315165625 0.7182580453125 0.0806037984375 0.72654350625 0.0515784 0.7655721984375 0.016786475000000002 0.7672633734375001 0.010005428125 0.754189946875 0.009548893749999999 0.7407757046875 0.0188520359375 0.7264200828125 0.0134649375 0.726590490625 0.0085851 0.70625405 0.007874935937499999 0.700328490625 0.052617267187500004 0.6740324078125 0.097625403125 0.677184459375 0.1739537796875 0.696737025 0.1971111984375 0.762023090625 0.2433631375 0.8038077609375 0.25459386875 0.8079951624999999 0.259625884375 0.8224871109375 0.2611091125 0.8215116484375 0.24739483906249998 0.80580566875 0.2390291125 0.8047620437499999 0.227266775 0.790236015625 0.22675951562500002 0.7774352421875 0.21849524062499998 0.7822020281250001 0.20693580625000002 0.798589640625 0.19578218125 0.8077823984375 0.1824229921875
5 0.8304446593750001 0.19982605625 0.8377758375000001 0.1981277515625 0.83575675 0.1726511421875 0.8484681843749999 0.1418259875 0.8505683359375 0.123333328125 0.8436120562499999 0.114295990625 0.8281999062500001 0.1391638875 0.8096992390625 0.21082750468749997 0.8124340374999999 0.21580879375 0.8141592937500001 0.20805177968750002 0.8258141984374999 0.2074816203125 0.8304446593750001 0.19982605625