3 0.565826246875 1 0.6327047375 0.9820799625 0.374290096875 0.0176633953125 0 0.11795412499999999 0 0.5256799562500001 0.1270936734375 1 0.565826246875 1
1 0.3501308875 0.162038859375 0.25358185624999996 0.224305521875 0.20432052656250002 0.27187946093750004 0.17970800625 0.3108267453125 0.17972010624999998 0.32093362187499996 0.20085457187500003 0.3193147078125 0.25915452031249997 0.2551647125 0.3602289078125 0.189663459375 0.3888733765625 0.1557018875 0.3501308875 0.162038859375
1 0.40471027499999995 0.17585643281250002 0.24054758281250002 0.266216496875 0.1908049421875 0.332117615625 0.1822839296875 0.3606871234375 0.1984117265625 0.3806299796875 0.2190043953125 0.3468038578125 0.290880415625 0.27295009375 0.404269178125 0.19755629531250002 0.40471027499999995 0.17585643281250002
1 0.20432052656250002 0.27187946093750004 0.21483936718750002 0.23064249375 0.2123118375 0.2212096234375 0.200240184375 0.2264662375 0.1881806296875 0.241829728125 0.1871817140625 0.2481634578125 0.1811519375 0.255845203125 0.1726309234375 0.28441471093750004 0.1666011453125 0.29209645625 0.17467714375 0.31217476093749996 0.1792025 0.308940171875 0.1917554640625 0.2853563765625 0.20432052656250002 0.27187946093750004
1 0.16312309375 0.3294248265625 0.16009005781250002 0.3181053828125 0.1666253421875 0.3123102109375 0.15905485 0.2941184796875 0.1509909515625 0.284147053125 0.1298322890625 0.2655522140625 0.11724303124999999 0.2588153765625 0.11221216875 0.2601633921875 0.10618239062499998 0.2678451375 0.0991416015625 0.2717537359375 0.09763718125000001 0.27620089062500003 0.0996592046875 0.2837471859375 0.1460084796875 0.32592257812500003 0.15407237812500002 0.33589400625 0.1616186734375 0.33387198125 0.16312309375 0.3294248265625
1 0 0.3794636109375 0.0242930328125 0.3848224421875 0.11643768437499999 0.42685914374999995 0.14313271562500002 0.445992540625 0.16022313593749998 0.4292810328125 0.14358983125 0.40745160468749997 0.0761181875 0.37700200625 0.060014584375 0.37727290625 0.032826143749999995 0.3663598125 0 0.3619682859375 0 0.3794636109375
1 0 0.3167468515625 0.07357855937499999 0.357462259375 0.1148848734375 0.3908787890625 0.16272646875000002 0.41850014843750005 0.163725384375 0.41216641875000004 0.1571780015625 0.4078547125 0.15715380625 0.3876409578125 0.13095218125000002 0.3602872578125 0.074035675 0.3189213234375 0.042815284375 0.3030225171875 0.0080805484375 0.294131446875 0 0.29389172812500003 0 0.3167468515625
1 0.115317790625 0.33212410000000003 0.14653818125 0.34802290625 0.17563815625 0.376886321875 0.14197652968750002 0.3209368640625 0.11678591875 0.29735631093750003 0.10772310468749999 0.2937186140625 0.10016471093749998 0.28563376093750004 0.042344506250000004 0.24936860312500003 0.02104945 0.26908144375 0.054369334375 0.28577245156250003 0.0730125640625 0.3050412984375 0.102728534375 0.3253872625 0.111285840625 0.3271383859375 0.115317790625 0.33212410000000003
1 0 0.4369106578125 0.04902653125 0.44694393125 0.0606047765625 0.4499076203125 0.06816316875 0.457992475 0.0928240796875 0.4594726984375 0.1517622875 0.48079304531249994 0.18354958906250002 0.4895148625 0.1828600671875 0.4735378734375 0.12702911249999999 0.446263440625 0.0998406734375 0.43535034687499996 0.09732524218750001 0.4360243546875 0.0822205515625 0.42996152500000007 0.07970512187499999 0.4306355328125 0.0706423078125 0.426997834375 0.06259050625 0.427133284375 0.0474858171875 0.42107045468750004 0.0449703859375 0.4217444625 0 0.41338386250000003 0 0.4369106578125
1 0 0.4623693578125 0.0883229171875 0.48292104374999995 0.130110540625 0.4980103921875 0.1884035625 0.521884059375 0.19257553593750001 0.4954311734375 0.077391890625 0.4531045171875 0 0.446554875 0 0.4623693578125
1 0.1814664828125 0.5186240140625 0.1416887859375 0.5009740828125 0.06367410625 0.49154769531250003 0.04355065 0.496939759375 0.0455726734375 0.5044860546875001 0.0747589421875 0.5027316890625 0.14675594375 0.5299466984375 0.1890611703125 0.5570295 0.1814664828125 0.5186240140625
1 0.30816440156249997 0.4179486234375 0.2429873015625 0.46878671250000004 0.207619715625 0.5055502046875 0.225300325 0.5614734125 0.2659680546875 0.48182771874999997 0.3293230640625 0.4365434625 0.36553802343749997 0.420773621875 0.372061209375 0.4048715734375 0.30816440156249997 0.4179486234375
0 0.1467533375 0.10734442500000001 0.1069998359375 0.1099082484375 0.0923885546875 0.0956251140625 0.058183521875 0.10883437343749999 0.03707325 0.13066704375 0.0456547546875 0.15263192187500002 0.078367465625 0.15397669687499999 0.11664074375 0.1760737828125 0.1593909859375 0.154508771875 0.1759758984375 0.135910690625 0.1467533375 0.10734442500000001
0 0.049795584375 0.2485795328125 0.054345137499999994 0.265558696875 0.0830500953125 0.2821315125 0.11723093437500001 0.2487084984375 0.11167036875 0.22795618593750003 0.0925337296875 0.21690764218749997 0.049795584375 0.2485795328125
0 0 0.20210011093750002 0.03718213125 0.221628940625 0.083976421875 0.21515651875000003 0.091967734375 0.1644866828125 0.07283109531250001 0.15343813906249998 0.054212060937499994 0.15438304687499999 0.0340523125 0.129454478125 0.0144222671875 0.1266262375 0 0.156726084375 0 0.20210011093750002
0 0 0.26603989375000003 0.038205240625 0.235508965625 0.0195499140625 0.206133240625 0 0.212826859375 0 0.26603989375000003
6 0.2044663046875 0.4791083828125 0.18208544531249998 0.3162052640625 0.17278632031250002 0.3515386359375 0.1787463453125 0.453158346875 0.1768927328125 0.48143109375000004 0.19096152500000002 0.5127536515625 0.1860160359375 0.5356031781249999 0.1820082828125 0.55083121875 0.2188013359375 0.5975892171875 0.2273465453125 0.5892334625 0.21972766250000003 0.5306142234375 0.2044663046875 0.4791083828125
5 0.21579249687500002 0.606483528125 0.215323284375 0.6349175859375 0.219884934375 0.662003628125 0.235507228125 0.6800599093749999 0.2495888078125 0.6722427140625 0.2294290578125 0.6473141453125 0.22887516093750002 0.6050000625 0.21579249687500002 0.606483528125
5 0.4253447546875 1 0.4281265828125 0.9964560390624999 0.372738690625 0.970856703125 0.35001512031250004 0.9061746328125 0.351410659375 0.8107655812499999 0.3678987875 0.7113124828124999 0.3492313625 0.67182988125 0.3295892171875 0.6588947640625 0.2883191984375 0.655798865625 0.258134015625 0.6638869609375 0.2586516203125 0.6758804125 0.22343557343749998 0.6853165234375 0.2022769109375 0.666721684375 0.17813360625000002 0.6772349109375 0.1283909640625 0.7431360296875 0.12091725625000001 0.8057993171875 0.13609453124999998 0.8725034109375001 0.1658346984375 0.9130631296875 0.170950246875 0.9824632546875 0.1926274921875 1 0.4253447546875 1
5 0.2515334046875 1 0.22477322968750002 0.961975359375 0.1858250765625 0.796495415625 0.16769945 0.78922001875 0.1596113546875 0.7590348375 0.1650993328125 0.7191458859375001 0.20833088593750002 0.67925369375 0.2022769109375 0.666721684375 0.2148419734375 0.6532447671875 0.21231444375000003 0.6438118984375001 0.17712259375 0.6734617625 0.12537002656250001 0.7419234640625 0.118883134375 0.7881461453124999 0.1366000375 0.8743899859375001 0.1602862296875 0.90241769375 0.1749338046875 0.947021459375 0.1694458265625 0.9869104109375 0.1966221703125 0.9877166265625 0.20242976562499998 1 0.2515334046875 1
4 0.15809959375 0.76365583125 0.337852353125 0.715491225 0.317445078125 0.6393302375000001 0.13769231875000001 0.6874948437499999 0.15809959375 0.76365583125
5 0.2098595015625 0.6950202921875 0.12537002656250001 0.7419234640625 0.1299074828125 0.7487957515625 0.1877503171875 0.7231866921875 0.23149947499999998 0.69528795 0.2405380921875 0.67871189375 0.2289598453125 0.6757482031250001 0.2098595015625 0.6950202921875