3 0.458572265625 0.03248681875 0.018958984374999998 0.03248681875 0.018958984374999998 0.9909695375 0.458572265625 0.9909695375 0.458572265625 0.03248681875
1 0.1611328125 0.3822495609375 0.2109375 0.3793204453125 0.1923828125 0.35295840625 0.1630859375 0.350029290625 0.0791015625 0.33099004062500004 0.0439453125 0.3763913296875 0.02734375 0.40568248437500004 0.025390625 0.4774458109375 0.0322265625 0.5155243109375001 0.052734375 0.525776215625 0.0732421875 0.47598125312499995 0.1044921875 0.424721734375 0.1416015625 0.3925014640625 0.1611328125 0.3822495609375
1 0.080078125 0.25776215625 0.0478515625 0.2855887515625 0.060546875 0.2855887515625 0.0732421875 0.270943175 0.1171875 0.292911540625 0.166015625 0.3441710609375 0.208984375 0.3485647328125 0.193359375 0.2885178671875 0.1337890625 0.2562975984375 0.080078125 0.25776215625
1 0.2314453125 0.27240773281249997 0.23828125 0.2182190984375 0.2353515625 0.1596367890625 0.2158203125 0.090802578125 0.2080078125 0.035149384374999995 0.2265625 0.01318101875 0.2021484375 0.0205038078125 0.17578125 0.041007615625 0.1669921875 0.098125365625 0.171875 0.13766842343750002 0.1806640625 0.17867603906250001 0.1884765625 0.273872290625 0.203125 0.350029290625 0.224609375 0.3163444640625 0.2314453125 0.27240773281249997
1 0.2900390625 0.04393673125 0.2744140625 0.0497949625 0.2626953125 0.0834797890625 0.251953125 0.1903925015625 0.228515625 0.23872290624999998 0.2255859375 0.3075571171875 0.2060546875 0.37053309843750004 0.212890625 0.399824253125 0.2392578125 0.374926771875 0.267578125 0.1962507328125 0.2783203125 0.071763328125 0.296875 0.0497949625 0.2900390625 0.04393673125
1 0.1171875 0.5770357359375 0.1337890625 0.6092560046875 0.13671875 0.58582308125 0.138671875 0.5653192734375 0.171875 0.512595196875 0.2236328125 0.4671939078125 0.25390625 0.4774458109375 0.2568359375 0.4554774453125 0.23046875 0.43936731093750003 0.1943359375 0.456942003125 0.146484375 0.5111306390625 0.1171875 0.5770357359375
3 0.65175 0.14485354374999998 0.23650781250000003 0.14485354374999998 0.23650781250000003 0.9999970703125 0.65175 0.9999970703125 0.65175 0.14485354374999998
1 0.3818359375 0.3822495609375 0.4208984375 0.399824253125 0.4609375 0.44083186875 0.4765625 0.4803749265625 0.48828125 0.4613356765625 0.4755859375 0.42179261874999996 0.447265625 0.369068540625 0.400390625 0.33245459843749997 0.33984375 0.33391915625 0.2998046875 0.35881663750000004 0.25 0.38810779218749997 0.2197265625 0.43350907968749997 0.216796875 0.4803749265625 0.2451171875 0.42032806093749997 0.287109375 0.3954305796875 0.3330078125 0.3763913296875 0.3818359375 0.3822495609375
6 0.3115234375 0.487697715625 0.267578125 0.42179261874999996 0.244140625 0.3734622140625 0.21875 0.41739894531250005 0.265625 0.4994141765625 0.3037109375 0.5609256 0.34375 0.6253661390625 0.35546875 0.645869946875 0.3447265625 0.6854130046875 0.3798828125 0.6854130046875 0.3779296875 0.64294083125 0.35546875 0.557996484375 0.3115234375 0.487697715625
1 0.3173828125 0.468658465625 0.30859375 0.399824253125 0.2626953125 0.42179261874999996 0.287109375 0.4862331578125 0.306640625 0.42618629218750004 0.2978515625 0.487697715625 0.3173828125 0.4994141765625 0.3173828125 0.468658465625
1 0.2255859375 0.67369654375 0.2470703125 0.7132396015625 0.2685546875 0.7073813703125 0.251953125 0.6678383125 0.251953125 0.5960749859375001 0.2763671875 0.512595196875 0.2587890625 0.4920913890625 0.2421875 0.5448154656249999 0.22265625 0.5931458703125 0.2255859375 0.67369654375
3 0.9667929687499999 1 0.9667929687499999 0.1556854125 0.52988671875 0.1556854125 0.52988671875 1 0.9667929687499999 1
1 0.654296875 0.40714704218750003 0.7041015625 0.38810779218749997 0.7470703125 0.369068540625 0.8125 0.3778558875 0.8134765625 0.350029290625 0.7265625 0.32659636718749996 0.6376953125 0.35295840625 0.578125 0.42179261874999996 0.564453125 0.5213825421875 0.57421875 0.53602811875 0.599609375 0.4803749265625 0.654296875 0.40714704218750003
1 0.5224609375 0.1625659046875 0.5068359375 0.18306971249999998 0.4814453125 0.19771529062499998 0.4619140625 0.24604569375000002 0.4541015625 0.328060925 0.4638671875 0.39835969531250004 0.4638671875 0.38810779218749997 0.478515625 0.424721734375 0.4931640625 0.3207381375 0.5126953125 0.26508494374999997 0.5224609375 0.1625659046875
1 0.673306740625 0.32874355781250003 0.6259765625 0.194786175 0.56640625 0.1596367890625 0.533203125 0.1713532515625 0.556640625 0.21528998281249997 0.640625 0.279730521875 0.673306740625 0.32874355781250003
1 0.6923828125 0.3573520796875 0.673306740625 0.32874355781250003 0.755859375 0.5623901578125 0.7275390625 0.4452255421875 0.6923828125 0.3573520796875
1 0.638671875 0.32659636718749996 0.673828125 0.3514938484375 0.689453125 0.336848271875 0.6396484375 0.3016988875 0.5966796875 0.292911540625 0.5634765625 0.31487990625 0.4921875 0.3661394265625 0.490234375 0.45987111875000003 0.5087890625 0.41739894531250005 0.525390625 0.3793204453125 0.5830078125 0.32659636718749996 0.638671875 0.32659636718749996
1 0.5830078125 0.4862331578125 0.5029296875 0.5023432921875 0.443359375 0.57996485 0.4072265625 0.6649091968749999 0.400390625 0.698594025 0.5146484375 0.5301698890625001 0.578125 0.5404217921875001 0.63671875 0.5287053312500001 0.736328125 0.5623901578125 0.64453125 0.48916227343749996 0.5830078125 0.4862331578125
1 0.4951171875 0.4584065609375 0.439453125 0.4920913890625 0.4248046875 0.5521382546875 0.4765625 0.5609256 0.55078125 0.5316344468749999 0.5322265625 0.47891036875 0.4951171875 0.4584065609375
1 0.7412109375 0.6092560046875 0.759765625 0.5931458703125 0.708984375 0.538957234375 0.658203125 0.512595196875 0.6142578125 0.5243116578125 0.580078125 0.569712946875 0.568359375 0.626830696875 0.5830078125 0.626830696875 0.6025390625 0.5741066203125 0.6689453125 0.5682483890625 0.716796875 0.6092560046875 0.7412109375 0.6092560046875
1 0.8076171875 0.54188635 0.8720703125 0.54188635 0.9130859375 0.5594610421875 0.9345703125 0.6004686578125 0.9326171875 0.682483890625 0.94921875 0.6663737546874999 0.9541015625 0.5814294078125 0.8935546875 0.5184534265625 0.8076171875 0.49648506093749994 0.75 0.5755711781249999 0.7587890625 0.60486233125 0.7822265625 0.569712946875 0.8076171875 0.54188635
6 0.701171875 0.6619800812500001 0.708984375 0.7220269484374999 0.734375 0.714704159375 0.72265625 0.6444053890625 0.71875 0.5916813125 0.697265625 0.5770357359375 0.701171875 0.6619800812500001
6 0.689453125 0.5828939656250001 0.703125 0.7176332750000001 0.703125 0.6649091968749999 0.689453125 0.5828939656250001
1 0.7626953125 0.57996485 0.7060546875 0.5492091390625 0.708984375 0.5843585234375 0.75 0.6590509671875 0.755859375 0.6693028703125 0.775390625 0.6400117171875 0.7626953125 0.57996485
1 0.8359375 0.613649678125 0.7998046875 0.620972465625 0.779296875 0.6400117171875 0.7666015625 0.657586409375 0.7744140625 0.689806678125 0.798828125 0.6590509671875 0.853515625 0.6370826015625 0.8359375 0.613649678125
1 0.923828125 0.538957234375 0.8916015625 0.5448154656249999 0.859375 0.5828939656250001 0.8203125 0.613649678125 0.798828125 0.6663737546874999 0.7919921875 0.7176332750000001 0.8505859375 0.645869946875 0.89453125 0.59753954375 0.91796875 0.5653192734375 0.923828125 0.538957234375
6 0.419921875 0.6282952546875 0.451171875 0.5609256 0.4248046875 0.5492091390625 0.4189453125 0.5931458703125 0.3837890625 0.6502636203125001 0.3779296875 0.689806678125 0.40234375 0.683948446875 0.419921875 0.6282952546875
6 0.4921875 0.5550673703125 0.513671875 0.6400117171875 0.537109375 0.6854130046875 0.551887159375 0.720872759375 0.5556640625 0.6444053890625 0.53515625 0.58582308125 0.5068359375 0.5023432921875 0.4970703125 0.45108377343750006 0.4775390625 0.487697715625 0.4921875 0.5550673703125
6 0.572265625 0.6282952546875 0.5712890625 0.563854715625 0.5712890625 0.5243116578125 0.5419921875 0.5374926765625 0.5458984375 0.594610428125 0.5517578125 0.6561218515625 0.548828125 0.7059168125 0.5517578125 0.7483889859375 0.5673828125 0.76157000625 0.5751953125 0.739601640625 0.572265625 0.6883421203125 0.572265625 0.6282952546875
6 0.58203125 0.7088459281249999 0.5869140625 0.620972465625 0.5673828125 0.61657879375 0.568359375 0.7088459281249999 0.58203125 0.7088459281249999
6 0.6845703125 0.613649678125 0.662109375 0.5653192734375 0.6435546875 0.569712946875 0.6728515625 0.6444053890625 0.685546875 0.6868775625 0.701171875 0.7308142937500001 0.7138671875 0.7029876984375 0.697265625 0.6546572937499999 0.6845703125 0.613649678125
4 0.658970703125 1 0.658970703125 0.6999062687500001 0.439615234375 0.6999062687500001 0.439615234375 1 0.658970703125 1
4 0.45134960937499996 1 0.45134960937499996 0.7093848859375 0.220259765625 0.7093848859375 0.220259765625 1 0.45134960937499996 1
4 0.864787109375 1 0.864787109375 0.6863708265625 0.6373066406250001 0.6863708265625 0.6373066406250001 1 0.864787109375 1
5 0.5546875 0.763327475 0.557421875 0.7662565906250001 0.56015625 0.779730521875 0.562890625 0.7791446984375 0.565234375 0.77270064375 0.571875 0.77270064375 0.573046875 0.7820738140625 0.57734375 0.7838312828125 0.5875 0.78031634375 0.59375 0.7750439375 0.607421875 0.775629759375 0.6125 0.770943175 0.61015625 0.7662565906250001 0.603515625 0.76157000625 0.597265625 0.74985354375 0.583984375 0.737551259375 0.58125 0.731693028125 0.576171875 0.729935559375 0.569921875 0.7322788515624999 0.569140625 0.7445811359375 0.563671875 0.75746924375 0.556640625 0.760398359375 0.5546875 0.763327475
5 0.538671875 0.76508494375 0.54375 0.76508494375 0.550390625 0.7516110140625 0.547265625 0.73462214375 0.544140625 0.7334504984375 0.537890625 0.7363796140625001 0.534765625 0.7305213828125 0.534765625 0.7246631515625 0.5328125 0.7229056828125 0.530078125 0.7363796140625001 0.525390625 0.7416520203125 0.511328125 0.74223784375 0.498046875 0.7580550671874999 0.49296875 0.768014059375 0.480859375 0.772114821875 0.46953125 0.802577621875 0.46875 0.8113649671875001 0.470703125 0.8131224375 0.478515625 0.7967193906250001 0.538671875 0.76508494375