3 0.0436003203125 0.92440955 0.9558442671874999 0.8925532890625 0.9257108640625 0.029645534374999997 0.0134669171875 0.061501795312499996 0.0436003203125 0.92440955
1 0.44831605 0.357138403125 0.5418027671875 0.35990154375 0.5420130046875 0.36592197031249996 0.555548453125 0.3714770703125 0.6519784984375 0.458526184375 0.6655139484375 0.464081284375 0.678628921875 0.45759553124999996 0.6840301 0.4212403078125 0.6625706171875 0.37979531093749996 0.62091308125 0.3330278765625 0.614250475 0.33326053906249997 0.60029455 0.3156645859375 0.5730134140625001 0.298533959375 0.5197125703125 0.300395265625 0.446844384375 0.3149954171875 0.407709703125 0.3404731015625 0.4085506546875 0.364554809375 0.40209828906249995 0.3708079 0.40420066875 0.43101216718749996 0.417525878125 0.43054684062500004 0.435411315625 0.3696445828125 0.44831605 0.357138403125
1 0.570911034375 0.2383296921875 0.5769429265625 0.22003575 0.6283516296875 0.163990603125 0.6543713390625 0.1449986703125 0.680811521875 0.1380475890625 0.6937162578125 0.1255414109375 0.7003788625 0.125308746875 0.7001686234375 0.1192883203125 0.6601929906249999 0.12068430000000001 0.6404154125 0.12740271718750001 0.6012807312499999 0.152880403125 0.581923628125 0.1716396734375 0.5694393703125 0.1961867078125 0.5436298984375 0.22119906562499997 0.56508938125 0.2626440625 0.5782043546875 0.25615831093749997 0.5777838796875 0.24411745625 0.570911034375 0.2383296921875
1 0.7947065296875 0.1521535953125 0.7949167671875 0.1581740203125 0.8015793718750001 0.15794135781250002 0.8086624546875001 0.1697495484375 0.8153250609375 0.169516884375 0.8496892765625 0.1984557015625 0.8569825968749999 0.21628431718750002 0.8776011265625 0.2336476078125 0.8977991812499999 0.23897004531250002 0.9188381874999999 0.26837418749999997 0.931532684375 0.24984758125 0.924659840625 0.24405981875 0.9231881749999999 0.20191683125 0.90214916875 0.17251268749999998 0.8338412109375 0.1266759078125 0.7865722578125001 0.110243271875 0.76721515625 0.129002540625 0.7470171015625 0.123680103125 0.7332714140625 0.112104578125 0.719946203125 0.11256990468750001 0.7201564406250001 0.11859032968750001 0.7947065296875 0.1521535953125
1 0.29690325781250004 0.22378718281249999 0.35497456562499996 0.1675093734375 0.3878671171875 0.154305203125 0.4145175390625 0.15337455 0.42139038281249996 0.15916231249999999 0.4547034109375 0.15799899687500002 0.4886471515625 0.174896959375 0.5161385265625 0.1980480140625 0.5163487640625 0.2040684390625 0.5298842125000001 0.209623540625 0.5440503750000001 0.23323992031250002 0.55071298125 0.23300725781249998 0.5436298984375 0.22119906562499997 0.5429991843749999 0.2031377859375 0.48114359375 0.151047915625 0.4270017984375 0.128827515625 0.4070139828125 0.12952550625 0.4001411375 0.12373774374999999 0.393688771875 0.12999083281249998 0.3537131390625 0.1313868125 0.3274831921875 0.1443583203125 0.2758642515625 0.1943830390625 0.29003041406249996 0.21799941875 0.28357804531249997 0.224252509375 0.28399852187499997 0.23629336250000002 0.290661128125 0.2360606984375 0.29690325781250004 0.22378718281249999
1 0.2252965 0.2745098921875 0.1978051265625 0.2513588375 0.1505361734375 0.2349262015625 0.14408380625 0.2411792921875 0.1517976015625 0.2710487625 0.1942960890625 0.341897903125 0.21512485781250001 0.3652816203125 0.226978403125 0.32267330625 0.2252965 0.2745098921875
1 0.2763497359375 0.399310209375 0.2961273140625 0.3925917921875 0.2954966 0.37453051249999997 0.30194896875 0.368277421875 0.2917123171875 0.26616283281249997 0.284418996875 0.248334215625 0.290871365625 0.24208112656249997 0.28960993749999997 0.2059585671875 0.2758642515625 0.1943830390625 0.2692016453125 0.19461570156250002 0.2562969109375 0.20712188281250002 0.24381265000000002 0.23166891562499997 0.23841147343750002 0.2680241390625 0.23195910625 0.274277228125 0.2330102953125 0.30437936250000003 0.2265579265625 0.31063245156249997 0.22802959218750002 0.35277543906250003 0.2215772265625 0.3590285296875 0.22845006875 0.36481629375 0.22262841562500002 0.3891306625 0.25594144218750003 0.3879673453125 0.2763497359375 0.399310209375
1 0.28448400625 0.44122053125000005 0.36464551093750003 0.444449 0.4054620953125 0.4671347265625 0.411704225 0.4548612109375 0.3436065046875 0.41504485625000004 0.276139496875 0.39328978281250004 0.2028508375 0.3958490796875 0.0848160796875 0.4542208578125 0.0458916359375 0.485718971875 0.039859743749999996 0.504012915625 0.137696446875 0.4403186984375 0.19702918281249998 0.42016345 0.24366742187499998 0.41853480625 0.2780316390625 0.44747362187500006 0.28448400625 0.44122053125000005
1 0.37362073281249997 0.5104410296874999 0.3738309703125 0.51646145625 0.3804935765625 0.5162287921875001 0.37341049531250003 0.504420603125 0.360085284375 0.5048859296875 0.3530022015625 0.493077740625 0.31260609375000004 0.482432865625 0.279293065625 0.4835961828125 0.2266229359375 0.50351876875 0.21371820000000002 0.51602495 0.21413867656250002 0.5280658015624999 0.24036862343749998 0.515094296875 0.2536938328125 0.5146289703125 0.2601462015625 0.5083758796875 0.37362073281249997 0.5104410296874999
6 0.522155203125 0.75239259375 0.5346394640625001 0.7278455593750001 0.5275563828125 0.7160373703125 0.514231171875 0.716502696875 0.51296974375 0.6803801375 0.5060969 0.6745923734375 0.497962628125 0.63268205 0.4844271796875 0.62712695 0.48337599062500003 0.5970248171875 0.468999590625 0.5673880109375 0.4666869734375 0.5011633171875001 0.47917123124999994 0.4766162828125 0.444807015625 0.4476774671875 0.43148180312499995 0.44814279375000005 0.399009728125 0.4733878171875 0.4013223453125 0.539612509375 0.4244637296875 0.62922091875 0.4465539265625 0.6887271953125 0.46738269531250004 0.7121109125 0.522155203125 0.75239259375
1 0.4084054265625 0.5514206984375 0.4215204 0.544934946875 0.4471196328125 0.513902159375 0.46044484218750004 0.5134368328125001 0.4793814703125 0.48263670937500003 0.47896099375 0.4705958578125 0.4583424640625 0.45323256718750005 0.4516798578125 0.45346523124999993 0.4310613265625 0.43610193906249994 0.41794635468749997 0.4425876921875 0.41878730624999994 0.46666939999999996 0.4123349375 0.47292249062499997 0.399009728125 0.4733878171875 0.40069163124999996 0.5215512296875 0.40756447500000004 0.52733899375 0.4084054265625 0.5514206984375
1 0.5500020453125 0.5946981828125 0.5641682078125 0.6183145640625 0.57749341875 0.6178492375 0.5554032234374999 0.5583429609375 0.5141661625 0.5236163796875 0.5075035578125 0.5238490437500001 0.4937578703125 0.512273515625 0.473770053125 0.51297150625 0.46086531875 0.5254776875 0.4542027125 0.52571035 0.46128579375 0.5375185390625 0.481904325 0.5548818296875 0.522510671875 0.5715471296875 0.5500020453125 0.5946981828125
1 0.8350224171875 0.5425506734375001 0.8479271531249999 0.5300444953125 0.8545897578125 0.52981183125 0.8608318875000001 0.5175383140625 0.8408440703125001 0.518236303125 0.8012889140624999 0.5316731375 0.6634765765624999 0.5967633343750001 0.6505718421875 0.6092695140625 0.6439092359374999 0.6095021765624999 0.644119475 0.6155226046875 0.7036624484375 0.6013877796875 0.782562525 0.5684936875 0.8350224171875 0.5425506734375001
1 0.6476285109375 0.5249835390625 0.6276406953125 0.5256815296874999 0.6145257203125001 0.5321672828125 0.6084938296875 0.5504612265625 0.6164178625 0.5863511234375001 0.636405678125 0.5856531328125001 0.6815722515625 0.541881503125 0.6813620140625 0.5358610781250001 0.6476285109375 0.5249835390625
6 0.2911466109375 0.44098786875 0.2778214 0.44145319531249994 0.2782418765625 0.45349405000000004 0.2924080390625 0.47711042968750006 0.3059434890625 0.4826655296875 0.305312775 0.46460424843750003 0.2911466109375 0.44098786875
6 0.43385942968749996 0.707253803125 0.42572515781250003 0.66534348125 0.3334348609375 0.5058165828125001 0.300121834375 0.5069798999999999 0.300332071875 0.5130003265624999 0.3359577171875 0.578061703125 0.384488096875 0.6306168984375 0.4271968234375 0.707486465625 0.43385942968749996 0.707253803125
4 0.36979525468749996 0.9099745484374999 0.71485159375 0.8979249156250001 0.7052016734375 0.62158733125 0.36014533437499996 0.6336369640624999 0.36979525468749996 0.9099745484374999
6 0.522931146875 0.583587984375 0.5102366515625001 0.6021145906250001 0.5110776031250001 0.6261962953125 0.504625234375 0.6324493859375 0.5181606828125 0.6380044875 0.53064494375 0.613457453125 0.5298039921875 0.5893757468749999 0.522931146875 0.583587984375
6 0.5543520328125 0.5282408265625 0.5845114921875 0.43677110937499997 0.5832500656249999 0.40064855 0.549096084375 0.377730159375 0.5499370359375 0.40181186718750006 0.5434846703125 0.40806495781249996 0.5399756328125 0.49860402031250006 0.533523265625 0.5048571109375 0.5345744546875 0.53495924375 0.5414472984375001 0.5407470078125 0.5481099046875 0.54051434375 0.5543520328125 0.5282408265625