3 0.7762280703125 0.1279163375 0.2518272921875 0.044859414062500005 0.115896915625 0.9030900328125 0.64029769375 0.98614695625 0.7762280703125 0.1279163375
4 0.571931759375 1 0.6231329765625 0.6767282375 0.3065876828125 0.6265923875 0.252666678125 0.9670362125 0.46079183749999997 1 0.571931759375 1
1 0.43455372968750006 0.63394935 0.4000802109375 0.617189446875 0.37984311718749997 0.643040925 0.4277119046875 0.7281071703124999 0.4635743671875 0.787057871875 0.48763096875 0.747282990625 0.466596678125 0.7068234578125 0.43455372968750006 0.63394935
1 0.3811048578125 0.604498475 0.31181549531249997 0.59352411875 0.2479840109375 0.609242396875 0.2005554484375 0.6437012625 0.19821778750000002 0.678844778125 0.2396749890625 0.65151145 0.3113802671875 0.6370402578125 0.3781118515625 0.6233955765625 0.3811048578125 0.604498475
1 0.567346903125 0.6210822203124999 0.611019553125 0.6409133859375 0.6256129578125 0.63031065625 0.600759146875 0.6037745328125 0.5622167015625 0.6025127968749999 0.49688871093750003 0.6276796234375001 0.5137122187500001 0.63357273125 0.567346903125 0.6210822203124999
1 0.5962499921875 0.49974758750000003 0.655435459375 0.4929790234375 0.712703846875 0.5085064906250001 0.7088989828125001 0.491761240625 0.654203028125 0.4701841578125 0.6141640749999999 0.47837096875 0.5442683234375 0.5221854765625 0.5403559 0.557079575 0.565816103125 0.528826834375 0.5962499921875 0.49974758750000003
1 0.6863828390625 0.4300816015625 0.656164065625 0.355882153125 0.5767854640625 0.29649621875 0.5324428171875 0.2910872953125 0.5262073875 0.33045625312500004 0.5585437078125 0.3097496296875 0.6170445296875 0.34807196406249996 0.657381846875 0.40934567499999996 0.6863828390625 0.4300816015625
1 0.521952640625 0.3878957953125 0.5602603234375 0.360063634375 0.5760079078125 0.3625578078125 0.61180676875 0.3811418859375 0.648446784375 0.3740309984375 0.6152203546874999 0.34939730625 0.55272885625 0.3362711 0.5150911734375 0.34968102343749996 0.521952640625 0.3878957953125
1 0.5533645578125 0.2201449234375 0.524740190625 0.27856748593749997 0.5589006859375 0.256535525 0.59630360625 0.2140317046875 0.616227678125 0.1493883625 0.590767478125 0.177641103125 0.5533645578125 0.2201449234375
0 0.3773536078125 0.3020373421875 0.395487803125 0.34042328125 0.415460825 0.34681522187499997 0.4262493703125 0.3194672421875 0.4549226875 0.332079959375 0.47093433906250004 0.302330715625 0.4858700671875 0.2691825375 0.480162775 0.244064665625 0.45223770781250006 0.22672767187499998 0.46642518437499997 0.1983037671875 0.4428038109375 0.194562509375 0.419510109375 0.1989444625 0.36927435625 0.21035904374999997 0.3522650359375 0.24640732187499997 0.33011086562499997 0.2945548265625 0.3773536078125 0.3020373421875
1 0.4913915453125 0.3362418 0.5021800859375001 0.30889381718750003 0.4728660765625 0.2493660265625 0.4040901984375 0.204573496875 0.3439999734375 0.19667040156249999 0.33363201249999996 0.2111708953125 0.40946982031249995 0.2215681671875 0.47127666250000005 0.27978526718749996 0.4913915453125 0.3362418
1 0.5156975640625 0.2948921578125 0.50752540625 0.22418455 0.4452979828125 0.17881492968749998 0.34320276875 0.130359396875 0.39043086250000003 0.1685105671875 0.44105789062499995 0.20558581562499997 0.48396763906249995 0.2608099140625 0.5029283359375001 0.304169546875 0.5156975640625 0.2948921578125
6 0.46367693125000004 0.5723772703125001 0.478456146875 0.5198331609375 0.4522280484375 0.42043758281250004 0.4295114390625 0.43136798125000003 0.46367693125000004 0.5723772703125001
1 0.4129373515625 0.4239001203125 0.43464164062500005 0.44993740937500004 0.46541785625000004 0.3983127125 0.42398996093749997 0.36430872187499996 0.3784931375 0.34580289999999997 0.3869293625 0.38426709375 0.4129373515625 0.4239001203125
0 0.3377205875 0.328045328125 0.36483379843749997 0.309739971875 0.3841954328125 0.20787952031249998 0.3558497875 0.20339001250000002 0.327005303125 0.20205001875 0.304039275 0.2145551796875 0.2818214984375 0.2223360640625 0.27020645 0.24471035156249998 0.2665434484375 0.2780296921875 0.286345309375 0.295694353125 0.3063965859375 0.311784259375 0.3377205875 0.328045328125
6 0.45237490312500006 0.6335434249999999 0.4606399703125 0.683280340625 0.4919003671875 0.6591747859375 0.49366094218749995 0.6174828234375 0.5030751890625 0.5172753890624999 0.5165583734375 0.4015697875 0.5260362265625 0.341728978125 0.496942325 0.341963740625 0.47691069375 0.4582464328125 0.47546314218749997 0.5387302578125001 0.45237490312500006 0.6335434249999999
6 0.50049310625 0.7170349125000001 0.523723203125 0.6722863375 0.5345263984375 0.6142697046875 0.5410112453125 0.5733259890625 0.5189646296875 0.569834146875 0.510406190625 0.6136779609375 0.49812114531249996 0.650474490625 0.4795370671875 0.686273346875 0.50049310625 0.7170349125000001