3 0.0618810953125 0.8907173203125 0.910978559375 0.87589626875 0.8969169062500001 0.07030469687499999 0.0478194421875 0.08512574843750001 0.0618810953125 0.8907173203125
0 0.44758647656250006 0.7461259734375 0.44785601093749994 0.7615676375 0.5000010078125 0.7954117703125 0.5103760984375 0.799092265625 0.5566934031249999 0.7944222015625 0.5669337265625 0.7903818640625 0.5821931375 0.7785307328125 0.5819909859375 0.7669494859375 0.5870774562500001 0.762999109375 0.586336234375 0.7205345359375 0.5914227046875 0.716584159375 0.5912879375 0.708863328125 0.5808454609375 0.7013224171875 0.51364320625 0.6909106609375 0.48278746562499997 0.6953108421875001 0.4578268 0.7420856359375 0.44758647656250006 0.7461259734375
0 0.5984633046875001 0.8245858406250001 0.6036171593749999 0.8244958796875 0.6445784578125 0.8083345296875001 0.6392898359375 0.800703659375 0.6748951265625001 0.7730510234375 0.67957729375 0.74593815 0.6742886734375 0.7383072796875 0.6273649156250001 0.7082336015624999 0.5964417906249999 0.7087733671875001 0.5913553203124999 0.7127237421875 0.5720201968749999 0.7864314859375 0.5880208296875 0.8170449312500001 0.5984633046875001 0.8245858406250001
0 0.553728515625 0.6245639046875 0.6015282609375 0.7048229890625 0.6690000515625 0.7306764078125 0.679307759375 0.7304964859374999 0.6940280999999999 0.6877620296875 0.6475760296875 0.6847112625 0.626354159375 0.6503273640625 0.6314406296875 0.6463769874999999 0.63619018125 0.62312453125 0.6156421484375 0.627344790625 0.5481703578125 0.6014913703125 0.553728515625 0.6245639046875
0 0.4089489140625 0.6000598984375001 0.3987759734375 0.6079606515625 0.3887377984375 0.6235822375 0.389007334375 0.6390239 0.420739065625 0.6848091234375 0.431181540625 0.692350034375 0.49811426093750005 0.687320128125 0.50320073125 0.68336975 0.502796428125 0.66020725625 0.5179884546875 0.6444957109375 0.5229401578124999 0.6328245015625 0.5280940109375 0.632734540625 0.532910946875 0.6133425015625 0.506872140625 0.5983506421875 0.4966318171875 0.6023909796875 0.470525628125 0.5835387046875 0.4599483828125 0.5682769624999999 0.444486821875 0.5685468453125 0.42942956250000003 0.5919792234375 0.4089489140625 0.6000598984375001
1 0.0933509046875 0.5360600265625 0.0832453484375 0.5478211953125001 0.119867771875 0.561010228125 0.155971478125 0.5680229265625 0.193071715625 0.570593396875 0.26607911562500003 0.5689167890625 0.35535748906250003 0.545636534375 0.398965921875 0.52317084375 0.42292803125 0.51486086875 0.4227932640625 0.5071400374999999 0.39702399375 0.507589840625 0.3459571390625 0.535512359375 0.2535246859375 0.556433734375 0.1864571984375 0.553742809375 0.1088124671875 0.53579014375 0.0933509046875 0.5360600265625
1 0.1456980515625 0.5814854078125 0.1303038734375 0.58561570625 0.107724028125 0.6104051875 0.22347755 0.6071589046875 0.33130418281249996 0.5821072328125 0.39281351249999996 0.561725621875 0.423467103125 0.5457441937499999 0.4505439203125 0.522807790625 0.4522632265625 0.5035293265624999 0.3770005078125 0.5494994578125 0.3463614421875 0.5586748546875 0.2746117875 0.583096803125 0.1456306671875 0.5776249921875001 0.1456980515625 0.5814854078125
1 0.525735578125 0.49761998749999997 0.52613988125 0.5207824828125001 0.516034325 0.5325436515625 0.516236475 0.5441248984375 0.59455504375 0.6006817234375 0.630901559375 0.6154936609375 0.687728721875 0.622224921875 0.744758034375 0.6405374328125 0.7809023984375 0.643768121875 0.8014504296875 0.6395478640625 0.8064695171875 0.6317370718750001 0.775344240625 0.6206955875 0.7595457609375 0.6016633921875 0.7441515812499999 0.6057936890625 0.6770167093749999 0.5992423484375 0.62514125 0.5808398796875001 0.5520439203125 0.5280535109375 0.525735578125 0.49761998749999997
1 0.5353694499999999 0.45883590781250005 0.509263259375 0.439983634375 0.48349398906249996 0.4404334375 0.483965675 0.46745634843749995 0.5154278703124999 0.497799909375 0.5933421359375 0.5311942390625 0.7067943109375 0.533075515625 0.7632845546875 0.5205046984374999 0.7990246125 0.50057289375 0.8090627859374999 0.484951309375 0.7832261328125 0.48154069687499995 0.757726396875 0.4974321640625 0.6859767421875 0.5218541125 0.6550536171875 0.5223938765625 0.5877165953125 0.5042612890625 0.5407928390625 0.4741876109375 0.5353694499999999 0.45883590781250005
1 0.5397146984375001 0.41242095624999997 0.5294069875 0.412600878125 0.5241183671874999 0.40497000781250003 0.5138780421875 0.40901034531249997 0.5195035828125001 0.43594329531250003 0.5299460593750001 0.44348420468749994 0.5662925734375001 0.4582961421875 0.597215696875 0.45775637812500003 0.602436934375 0.46152683281250007 0.62820620625 0.4610770296875 0.7001580125 0.44823632812499997 0.7206386609375001 0.440155653125 0.7409845421875 0.424354146875 0.756378721875 0.4202238484375 0.7614651921875 0.416273471875 0.7458688609374999 0.408822521875 0.7405802390625 0.4011916515625 0.7199648234375 0.4015514953125 0.6225806656249999 0.434144078125 0.591657540625 0.43468384374999997 0.5657535031250001 0.427412815625 0.5397146984375001 0.41242095624999997
1 0.22037789375 0.42957977812500003 0.142463628125 0.39618545 0.11174265624999999 0.40830646093749995 0.1431374671875 0.43478960625 0.16388765 0.44215059375 0.3347734421875 0.4855068765625 0.3966196921875 0.484427346875 0.45792686875 0.4524644890625 0.4677628921875 0.4252616578125 0.436839765625 0.425801421875 0.406186178125 0.44178285156249997 0.35484978749999996 0.45426370625 0.34962855 0.4504932515625 0.3187728078125 0.4548934328125 0.2877823 0.45157278281249996 0.22037789375 0.42957977812500003
1 0.23061821875000002 0.425539440625 0.225666515625 0.4372106484375 0.2411954609375 0.44080118125 0.31857065625000003 0.44331218593750005 0.32365712812499997 0.4393618078125 0.3802821390625 0.43451182343749994 0.4110031125 0.42239080937500006 0.431618528125 0.42203096718750005 0.46735858906249994 0.4020991625 0.46695428593750005 0.37893666718749996 0.42579083593749995 0.38351677031250003 0.4258582203125 0.38737718593750003 0.34393562499999997 0.4196998859375 0.29761832187500004 0.4243699484375 0.2925318515625 0.42832032656249996 0.23061821875000002 0.425539440625
5 0.2888257421875 0.21599745625 0.288960509375 0.22371828749999997 0.3512110625 0.245801253125 0.412855159375 0.23314047499999999 0.5979320343750001 0.19224144375000002 0.628014409375 0.20788505625 0.611949090625 0.22972375 0.5232335953125 0.2705391296875 0.5255574875 0.28589733281249996 0.6106059640625 0.27055391875 0.6809456843749999 0.2369887265625 0.6796428640625 0.2801280078125 0.6418484062500001 0.35657591875 0.6821358656250001 0.3018104109375 0.7121156171874999 0.24722482499999998 0.71184608125 0.2317831609375 0.66953710625 0.17073619375 0.6539407765624999 0.1632852453125 0.5662578734375 0.16095416406250002 0.3501329203125 0.1840346 0.3247005703125 0.2037864828125 0.2888257421875 0.21599745625