3 0.5034114578125 1 0.5034114578125 0.0015625 0.010390625 0.0015625 0.010390625 1 0.5034114578125 1
1 0.4453125 0.1640625 0.4817708328125 0.138671875 0.4427083328125 0.134765625 0.3333333328125 0.169921875 0.2734375 0.203125 0.23958333281250002 0.234375 0.23697916718749998 0.244140625 0.2578125 0.248046875 0.3307291671875 0.201171875 0.4453125 0.1640625
1 0.3567708328125 0.2265625 0.4858093171875 0.1830848546875 0.491851721875 0.1622385609375 0.3098958328125 0.20703125 0.24479166718749998 0.2578125 0.22916666718749998 0.283203125 0.23958333281250002 0.306640625 0.2682291671875 0.279296875 0.3567708328125 0.2265625
1 0.23958333281250002 0.232421875 0.2578125 0.212890625 0.2734375 0.203125 0.2942708328125 0.166015625 0.2942708328125 0.15625 0.28125 0.158203125 0.265625 0.169921875 0.2630208328125 0.17578125 0.2552083328125 0.181640625 0.23958333281250002 0.20703125 0.23177083281250002 0.212890625 0.234375 0.234375 0.23958333281250002 0.232421875
1 0.20833333281250002 0.251953125 0.21614583281250002 0.251953125 0.21875 0.248046875 0.21875 0.236328125 0.2265625 0.232421875 0.22395833281250002 0.212890625 0.21875 0.201171875 0.203125 0.177734375 0.1927083328125 0.16796875 0.1875 0.16796875 0.1796875 0.173828125 0.171875 0.17578125 0.1692708328125 0.1796875 0.1692708328125 0.1875 0.203125 0.240234375 0.20833333281250002 0.251953125
1 0.1484375 0.330078125 0.1692708328125 0.35546875 0.1901041671875 0.34375 0.1796875 0.318359375 0.1223958328125 0.271484375 0.1067708328125 0.267578125 0.08333333281250001 0.25 0.013020832812499999 0.220703125 0 0.220703125 0.0026041671875 0.23046875 0.0703125 0.265625 0.1484375 0.330078125
1 0.1953125 0.333984375 0.1979166671875 0.328125 0.1927083328125 0.322265625 0.1979166671875 0.302734375 0.1796875 0.26953125 0.1354166671875 0.21484375 0.109375 0.19140625 0.078125 0.173828125 0.06510416718749999 0.169921875 0.0546875 0.173828125 0.05208333281250001 0.181640625 0.125 0.251953125 0.15625 0.294921875 0.1953125 0.333984375
1 0.1614583328125 0.228515625 0.1692708328125 0.232421875 0.171875 0.23828125 0.1979166671875 0.26171875 0.2185546828125 0.2971302953125 0.20052083281250002 0.234375 0.1822916671875 0.205078125 0.1744791671875 0.19921875 0.1692708328125 0.189453125 0.1228069171875 0.139458703125 0.09713541406250001 0.152988278125 0.125 0.177734375 0.1380208328125 0.201171875 0.1614583328125 0.228515625
1 0.08854166718749999 0.337890625 0.09375 0.34765625 0.1171875 0.35546875 0.16859932500000002 0.3913169546875 0.197046128125 0.40796874218749996 0.20051524999999998 0.39235769375 0.1536458328125 0.3515625 0.1302083328125 0.333984375 0.1276041671875 0.333984375 0.1145833328125 0.32421875 0.1119791671875 0.32421875 0.1041666671875 0.318359375 0.09635416718749999 0.31640625 0.08333333281250001 0.306640625 0.08072916718749999 0.306640625 0.011795015624999999 0.2737137234375 0 0.29296734999999996 0.078125 0.33203125 0.08854166718749999 0.337890625
1 0.1933569421875 0.4404912859375 0.2042332703125 0.416019546875 0.10392935625 0.3453234140625 0.0084593671875 0.310881709375 0 0.3199453171875 0.1067708328125 0.376953125 0.1432291671875 0.40234375 0.1933569421875 0.4404912859375
1 0.1510416671875 0.4375 0.1848958328125 0.474609375 0.1875 0.435546875 0.1536458328125 0.408203125 0.08072916718749999 0.37890625 0.05989583281250001 0.37890625 0.05989583281250001 0.38671875 0.08854166718749999 0.392578125 0.1510416671875 0.4375
1 0.390625 0.388671875 0.4010416671875 0.375 0.3359375 0.37109375 0.259823390625 0.4033304984375 0.21614583281250002 0.4296875 0.21875 0.48828125 0.2786458328125 0.421875 0.3515625 0.39453125 0.390625 0.388671875
0 0.2604166671875 0.078125 0.28125 0.064453125 0.2604166671875 0.029296875 0.22135416718749998 0.021484375 0.2109375 0.00390625 0.1744791671875 0.0078125 0.1484375 0.0234375 0.1510416671875 0.046875 0.1822916671875 0.056640625 0.21354166718749998 0.087890625 0.2604166671875 0.078125
0 0.1953125 0.13671875 0.1796875 0.12109375 0.1302083328125 0.140625 0.1302083328125 0.158203125 0.1536458328125 0.181640625 0.1953125 0.158203125 0.1953125 0.13671875
0 0.1927083328125 0.0703125 0.1770833328125 0.0546875 0.1588541671875 0.05078125 0.1458333328125 0.021484375 0.1276041671875 0.013671875 0.1041666671875 0.041015625 0.09375 0.041015625 0.09114583281250001 0.080078125 0.125 0.111328125 0.171875 0.1171875 0.1927083328125 0.0703125
0 0.1119791671875 0.091796875 0.08333333281250001 0.09375 0.0859375 0.06640625 0.07552083281250001 0.0546875 0.05729166718749999 0.07421875 0.0546875 0.091796875 0.0260416671875 0.107421875 0.0260416671875 0.134765625 0.05989583281250001 0.15234375 0.1223958328125 0.125 0.1119791671875 0.091796875
6 0.21354166718749998 0.515625 0.22135416718749998 0.45703125 0.21994352031250003 0.4033304984375 0.2404876984375 0.2401855765625 0.222360484375 0.2719082015625 0.201816309375 0.3716078734375 0.1927083328125 0.3984375 0.1981908671875 0.4323340390625 0.1875 0.453125 0.1796875 0.466796875 0.203125 0.521484375 0.21354166718749998 0.515625
5 0.20052083281250002 0.572265625 0.2109375 0.53125 0.1979166671875 0.529296875 0.1901041671875 0.556640625 0.1875 0.583984375 0.1979166671875 0.60546875 0.21354166718749998 0.6015625 0.20052083281250002 0.572265625
5 0.08854166718749999 0.923828125 0.09635416718749999 0.9765625 0.109375 0.998046875 0.1927083328125 0.998046875 0.21354166718749998 0.986328125 0.21354166718749998 0.974609375 0.2760416671875 0.98046875 0.3020833328125 0.9609375 0.2552083328125 0.921875 0.25 0.853515625 0.2760416671875 0.76171875 0.3177083328125 0.669921875 0.3098958328125 0.626953125 0.2942708328125 0.609375 0.2552083328125 0.595703125 0.22395833281250002 0.595703125 0.22135416718749998 0.607421875 0.1848958328125 0.607421875 0.1692708328125 0.583984375 0.1432291671875 0.587890625 0.078125 0.638671875 0.0546875 0.697265625 0.05208333281250001 0.765625 0.0703125 0.8125 0.05729166718749999 0.880859375 0.08854166718749999 0.923828125
5 0.0546875 0.884765625 0.08072916718749999 0.892578125 0.09635416718749999 0.978515625 0.1171875 0.998046875 0.1432291671875 0.953125 0.1145833328125 0.875 0.1197916671875 0.705078125 0.1041666671875 0.693359375 0.1041666671875 0.662109375 0.1197916671875 0.625 0.171875 0.59765625 0.1692708328125 0.583984375 0.1848958328125 0.57421875 0.1848958328125 0.564453125 0.1432291671875 0.583984375 0.07552083281250001 0.63671875 0.05729166718749999 0.6796875 0.05208333281250001 0.767578125 0.06770833281250001 0.80078125 0.0703125 0.84765625 0.0546875 0.884765625
4 0.2876041671875 0.5873339843750001 0.10151041718750001 0.5873339843750001 0.10151041718750001 0.666181640625 0.2876041671875 0.666181640625 0.2876041671875 0.5873339843750001
5 0.203125 0.60546875 0.1927083328125 0.599609375 0.1692708328125 0.61328125 0.07552083281250001 0.63671875 0.078125 0.64453125 0.140625 0.634765625 0.1901041671875 0.619140625 0.203125 0.60546875