3 0 0.5613922812500001 0.09811409374999999 0.9549064156249999 0.9001541421875 0.754935371875 0.73122613125 0.0774021234375 0 0.25971727499999997 0 0.5613922812500001
0 0.2522094328125 0.730544109375 0.2557573734375 0.7199975046875 0.270599671875 0.7175851718749999 0.2779006796875 0.713832425 0.276842271875 0.70958738125 0.21950900624999997 0.7026257640625 0.212723721875 0.704317525 0.2093269828125 0.7154705640625 0.2185584484375 0.7318487734375 0.251534315625 0.752612975 0.262774746875 0.7440132187499999 0.2522094328125 0.730544109375
0 0.742972225 0.5804854609375 0.7372453484375 0.586422265625 0.7288859328124999 0.58592996875 0.6995928203124999 0.5964542296875 0.6862004140625 0.6088112 0.692318775 0.6085739890624999 0.697405690625 0.612458746875 0.6960718421875 0.615367846875 0.717699425 0.6112637515625 0.7361435890625 0.615038840625 0.7435067171874999 0.6074058046874999 0.7511101265625 0.604865928125 0.7655879031249999 0.6051210140625 0.77873183125 0.6082852 0.7807595671875001 0.6122885640625 0.8195326234375001 0.6026213546875 0.8325605062499999 0.592931803125 0.8323202234375 0.5878386453125 0.8088512640625 0.576298509375 0.782954890625 0.57566973125 0.7593886546874999 0.5802571859375 0.752851846875 0.5664277906249999 0.734985525 0.5567114281250001 0.741797771875 0.5633866796875 0.742972225 0.5804854609375
0 0.27268133125 0.7383225609374999 0.25372144375 0.7366084578125001 0.2497550578125 0.7330884546875 0.24200044531249998 0.7350218953125001 0.2446329859375 0.7414509984375 0.2403290390625 0.748965428125 0.193944378125 0.7817868296875 0.188244465625 0.796090646875 0.166217203125 0.8151094640625001 0.1652748390625 0.8237181578125 0.2043502984375 0.8152638187499999 0.21846355312500002 0.8181863249999999 0.21567161875 0.831765103125 0.2299630375 0.84366105625 0.22902886718749998 0.8316554343749999 0.3707181109375 0.7557479265625 0.3750490203125 0.756600509375 0.3722652796875 0.749564971875 0.363967984375 0.745192384375 0.31620374375 0.74357454375 0.3199028859375 0.7336343750000001 0.3118810296875 0.72210764375 0.3009160359375 0.72355325625 0.2940686328125 0.7291253078125 0.27268133125 0.7383225609374999
0 0.7542126578125 0.5718857046875 0.748974540625 0.5673945125000001 0.7455508390625 0.5701805375 0.7478188578125 0.5792770593750001 0.7439685140625001 0.58861079375 0.72628035625 0.587867878125 0.7005621468750001 0.5962125484375 0.69468406875 0.6015429203125 0.6683340921875 0.5990948375 0.6581251046875 0.603572625 0.6656663968750001 0.6049130375 0.67344796875 0.611346609375 0.68533074375 0.6631352484375 0.679026025 0.675013328125 0.6890486546875 0.682176409375 0.7038909531249999 0.679764075 0.77403878125 0.6803099968749999 0.78757419375 0.689173775 0.7912733359375 0.6792336062500001 0.80399881875 0.6683311859375001 0.80960965 0.6495406421875 0.8084621593750001 0.6408088750000001 0.8021035171875001 0.635952928125 0.8185281390625001 0.6151103375 0.8038721984375 0.6058818031250001 0.7852147140625 0.60538056875 0.75577859375 0.5946840796874999 0.7569342796874999 0.58280153125 0.7542126578125 0.5718857046875
1 0.31326298750000003 0.826756846875 0.333432484375 0.8333224296875 0.369929328125 0.8351730140625 0.389645221875 0.8399192921875 0.3930689234375 0.8371332671875 0.3849849484375 0.8294868265625001 0.350737353125 0.8077514359375 0.3037994328125 0.7846711640625 0.296711746875 0.7851500546875 0.284377746875 0.8017520703125 0.2941249375 0.81606929375 0.31326298750000003 0.826756846875
1 0.3468576671875 0.738508196875 0.349854728125 0.7422698796875 0.36366558125 0.743979515625 0.37577806406250003 0.7512656703125 0.374622378125 0.7631482187499999 0.3809810234375 0.7680041656250001 0.4009371984375 0.777843603125 0.43746100625000006 0.7880612 0.4492441234375 0.7857674734375 0.45385047343749996 0.7794659125 0.4444408421875 0.7541142562500001 0.42939341718749996 0.739186128125 0.4116782984375 0.7300762 0.3860573640625 0.722293278125 0.36082791406250003 0.7202099515625 0.3561324828125 0.7220247875 0.3467685859375 0.734021471875 0.3468576671875 0.738508196875
1 0.420294384375 0.694433025 0.4387385484375 0.6982081140624999 0.4467955609375 0.6974875421875 0.45303816093749993 0.6894897531249999 0.45007625625000003 0.6734807671875 0.43405950468750004 0.6587943187499999 0.409256696875 0.6501632828125 0.39992795625 0.6499126656249999 0.3935962734375 0.65342373125 0.38007962968750003 0.67354128125 0.3839838984375 0.6809415734375001 0.420294384375 0.694433025
1 0.218237278125 0.701654575 0.24243528125 0.707859871875 0.3045260953125 0.7091263640625 0.334726415625 0.7022407125 0.347514015625 0.6874580015625 0.346517728125 0.67933266875 0.3348588484375 0.67386581875 0.3185045375 0.670213803125 0.29321297031250004 0.672010765625 0.279188796875 0.673574984375 0.23087367812499998 0.6862654296875 0.21427089062500002 0.698134571875 0.218237278125 0.701654575
1 0.31748947968749996 0.6331071421875001 0.3598292453125 0.6418746578125 0.381394709375 0.641650853125 0.394787115625 0.62929388125 0.3934884234375 0.619955678125 0.3786812828125 0.6101207093750001 0.36665788125 0.6073212781249999 0.3082310515625 0.6083619203125 0.300627640625 0.610901796875 0.294900765625 0.6168386015625 0.30089488750000004 0.6243619687499999 0.31748947968749996 0.6331071421875001
1 0.45445051718749996 0.6414717328124999 0.48846602343749995 0.6374996484375 0.5005245796875 0.628051778125 0.5038592015625001 0.6207790281250001 0.4933208484375 0.6156769328125 0.48232889375 0.60875553125 0.45970502187499995 0.60473429375 0.4325638828125 0.6115013390625 0.42020292187499997 0.619736340625 0.420834690625 0.63052909375 0.42480107812499995 0.634049096875 0.45445051718749996 0.6414717328124999
6 0.46146550937499997 0.5952774859375001 0.46097675000000005 0.6057054828124999 0.6171133734375001 0.682720284375 0.644521759375 0.689413409375 0.6748650859375 0.7037485078125 0.6818015734375 0.7026631812499999 0.6823172953125 0.700602196875 0.6809916406250001 0.68289698125 0.6736015515625 0.682163003125 0.6521333640625 0.6662592171874999 0.58539046875 0.63394594375 0.5795475484375 0.6270290109375 0.515285990625 0.6005384046875 0.47355103125 0.5941966265625 0.46146550937499997 0.5952774859375001
1 0.6242901437499999 0.686728115625 0.6741981609375001 0.7052030578124999 0.682103975 0.7038760515625 0.6844071484375001 0.700725271875 0.6809916406250001 0.68289698125 0.6385979515625 0.6573954375 0.6163386 0.65070678125 0.607188021875 0.6594296109375 0.602554709375 0.6573641578125 0.5944355781249999 0.6619650187499999 0.5976729203125 0.6708198609375 0.6242901437499999 0.686728115625
1 0.588298446875 0.6332209015625 0.615893190625 0.6282731609375001 0.6324338593750001 0.6202843078125 0.6371914078125 0.6145891828125001 0.671152990625 0.5938830734375 0.6875154953125 0.576920771875 0.68503415625 0.571098103125 0.6733131578125 0.5695115421875 0.642899515625 0.5796710484375 0.5931263109375 0.603031171875 0.5787645796875001 0.6156298234375 0.577822215625 0.6242385171875 0.588298446875 0.6332209015625
1 0.5093809515625 0.5975017609375 0.5379989453125 0.609046365625 0.5672650953125 0.5901550921875 0.5837518375 0.5654322125 0.5838760765625 0.557671634375 0.5757920999999999 0.55002519375 0.56228365 0.5495284265625 0.546774428125 0.5533953109375 0.5306873624999999 0.56320346875 0.5174461578125 0.5761668734375001 0.5095051890625 0.5897411828125 0.5093809515625 0.5975017609375
1 0.23173620781249998 0.4213115 0.23722279999999998 0.41028153593749994 0.22999210468750003 0.389539678125 0.2091908421875 0.3721813421875 0.188505621875 0.36767674375000003 0.1796304828125 0.36924543125 0.1621204890625 0.3774759640625 0.1459091859375 0.3950447 0.1383678953125 0.39370428749999997 0.1178608390625 0.3981731375 0.100502046875 0.4070101046875 0.09137843125 0.4240999484375 0.09400277500000001 0.45114336718750003 0.1092283640625 0.47504494375000006 0.12651684531250001 0.4907025796875 0.1689456921875 0.5039568203125 0.1814848140625 0.5046952671875 0.2184704203125 0.496117853125 0.22520177968750002 0.477692065625 0.22151083124999998 0.46701791875 0.2136671390625 0.4644646359375 0.200496246875 0.45293343750000004 0.199651159375 0.44541453906250006 0.20328818124999998 0.439354659375 0.2207981765625 0.4311241265625 0.2234658734375 0.4253059265625 0.23173620781249998 0.4213115
1 0.22793159531249998 0.4679935765625 0.2538279671875 0.4686223546875 0.2830238046875 0.4742256859375 0.299591434375 0.4746038453125 0.3119172390625 0.478616146875 0.3195206484375 0.4760762703125 0.32606565 0.46929135000000005 0.32612776875 0.46541106093750007 0.2959977625 0.44780210781249996 0.2571438203125 0.4323682765625 0.231309565625 0.42785920937500005 0.21140731562499998 0.4347537984375 0.19949995781250002 0.4448081046875 0.204462634375 0.456453440625 0.22793159531249998 0.4679935765625
1 0 0.33301345625 0.01053866875 0.3476355375 0.0502646625 0.3789552796875 0.078456015625 0.39704759375 0.1000484421875 0.4051908 0.1272517015625 0.394543465625 0.1079354875 0.37488246406250003 0.0884329140625 0.36686233125 0.0693569828125 0.35229449062499996 0.062455653124999996 0.3411325140625 0.0625798921875 0.3333719359375 0.0346639796875 0.30812547968750004 0.012528865625 0.29367624375 0.0019283953125 0.2924544359375 0 0.2916080109375 0 0.33301345625
1 0.35425700312499997 0.4873836625 0.3607398859375 0.48447903124999997 0.362775815625 0.4678680796875 0.3712946265625 0.448352496875 0.40338786718749997 0.40363514218749996 0.4234577078125 0.35611835625 0.42127877187499996 0.3515085578125 0.41061618125 0.35416704062500004 0.39334646875 0.3674907328125 0.380256465625 0.3810605734375 0.35225385 0.421537353125 0.3338823796875 0.46347761875 0.354986046875 0.48204882343750005 0.35425700312499997 0.4873836625
1 0.3849918140625 0.5074183546875 0.39107501875 0.5194284453125 0.39898082968750004 0.5181014390625001 0.4469290484375 0.437868453125 0.45217535781249996 0.4217453296875 0.4514193515625 0.41871315625000005 0.446119115625 0.418102253125 0.43784878125000004 0.42209667968750003 0.4281203609375 0.4367607828125 0.39769852656250004 0.4675346046875 0.38781890625000004 0.481592275 0.3849918140625 0.5074183546875
1 0.08114829375 0.32938644687499996 0.09573154218749999 0.292899625 0.0898346953125 0.26924866718749996 0.0858683078125 0.2657286640625 0.0775088921875 0.2652363671875 0.051852801562499995 0.26970074843749997 0.0397051625 0.2746618953125 0.025157071875 0.29890141406250004 0.0673644046875 0.3360438234375 0.08114829375 0.32938644687499996
1 0.11013081093749999 0.33826363125 0.12261600937499999 0.3222680515625 0.126501509375 0.300687015625 0.12202759375000001 0.27861368125 0.1141839 0.27606039843749997 0.096336346875 0.295325365625 0.0743548171875 0.3516925234375 0.0781078828125 0.35848638125 0.0950048796875 0.36844442499999996 0.09857978125 0.366264834375 0.11013081093749999 0.33826363125
6 0.41055300937499994 0.5892915249999999 0.4146705984375 0.5934179640624999 0.41142505937499996 0.6051774375 0.420300196875 0.60360875 0.4306334234375 0.591370384375 0.42246855937500005 0.5586229031250001 0.3983139078125 0.5195559890625 0.39189314375 0.51858033125 0.374088940625 0.504983678125 0.373386859375 0.5186855312499999 0.397892553125 0.5509015203125001 0.41500815625 0.58238353125 0.41055300937499994 0.5892915249999999
6 0.334167340625 0.7371633156249999 0.359404984375 0.7186323265625 0.381778 0.6679647609375 0.41150594687500003 0.6302784765625 0.4112656640625 0.6251853171875 0.405965428125 0.6245744140625 0.3889090375 0.6346242515625 0.38505869375 0.6439579859375 0.3495769078125 0.6792140625 0.3464474140625 0.7038272734375 0.33129451875 0.725641053125 0.334167340625 0.7371633156249999
6 0 0.5147130062499999 0.07249361875 0.538311159375 0.22060838437500002 0.6037992296875 0.237932021875 0.6072095640625 0.2702140015625 0.6210613015625001 0.285874425 0.617800853125 0.28660346875 0.6124660140625 0.254410571875 0.603101 0.1199906109375 0.5264688296875 0.113418646875 0.5248867359375 0.097607021875 0.52754075 0.071319165625 0.521212378125 0.059509084375 0.51513909375 0.048392890625000004 0.5159782703125 0.0327676234375 0.5069914171875001 0.0244082078125 0.5064991187500001 0.0129274921875 0.5100057171875 0 0.5010607640625 0 0.5147130062499999
6 0.2587227125 0.5749722546875 0.2821916703125 0.5865123921875 0.29218733750000003 0.585308459375 0.28849638906249997 0.5746343125 0.26018899218749997 0.5436882625 0.22464270625 0.5126146687500001 0.217919540625 0.510426140625 0.20292604062500003 0.5122320390625 0.20062286718750003 0.51538281875 0.20564766250000002 0.523147865625 0.2587227125 0.5749722546875
6 0.24189021406250003 0.6313438828125 0.30275503125 0.668987528125 0.31529415625 0.669725975 0.2956755390625 0.6488521046875 0.24670988437500002 0.62176846875 0.24189021406250003 0.6313438828125