3 1 0.15583125 0.17340659375 0.15583125 0.17340659375 0.8541062500000001 1 0.8541062500000001 1 0.15583125
0 0.834165834375 0.36124999999999996 0.8291708296875001 0.343125 0.8021978015625001 0.315 0.7892107890625 0.320625 0.796203796875 0.33625 0.790209790625 0.34562499999999996 0.7752247750000001 0.344375 0.7672327671875 0.34625 0.7672327671875 0.350625 0.821178821875 0.37124999999999997 0.8281718281250001 0.37124999999999997 0.834165834375 0.36124999999999996
0 0.2677322671875 0.359375 0.2707292703125 0.374375 0.28571428593750003 0.388125 0.28071928125 0.38 0.28371628437499996 0.36312500000000003 0.290709290625 0.35875 0.29870129843750004 0.36124999999999996 0.3296703296875 0.35812499999999997 0.3456543453125 0.349375 0.33966033906250004 0.348125 0.3356643359375 0.343125 0.33766233749999996 0.340625 0.315684315625 0.339375 0.29870129843750004 0.33125 0.28971028906249996 0.336875 0.28171828125 0.3375 0.2677322671875 0.33375 0.25574425624999997 0.3275 0.2547452546875 0.323125 0.2147852140625 0.323125 0.1998002 0.32937500000000003 0.1988011984375 0.334375 0.21878121875 0.35125 0.24375624375 0.35812499999999997 0.2677322671875 0.359375
0 0.7312687312499999 0.316875 0.7362637359375 0.32999999999999996 0.747252746875 0.33125 0.7552447546875001 0.3275 0.778221778125 0.32375 0.796203796875 0.32999999999999996 0.7992007984375 0.334375 0.8071928078124999 0.334375 0.8061938062499999 0.3275 0.8121878125 0.32125 0.8651348656250001 0.30062500000000003 0.8741258734375 0.288125 0.9000999000000001 0.275 0.903096903125 0.26687500000000003 0.8631368625 0.265625 0.85014985 0.259375 0.8561438562499999 0.246875 0.8451548453125 0.231875 0.8431568437499999 0.24375 0.6873126875 0.28312499999999996 0.6833166828125 0.28125 0.684315684375 0.28875 0.691308690625 0.29500000000000004 0.7372627375 0.308125 0.7312687312499999 0.316875
0 0.23076923124999998 0.32375 0.2487512484375 0.32875 0.274725275 0.34625 0.2707292703125 0.35750000000000004 0.2707292703125 0.36875 0.274725275 0.374375 0.278721278125 0.3725 0.278721278125 0.36312500000000003 0.284715284375 0.355 0.3016983015625 0.36 0.328671328125 0.35812499999999997 0.3356643359375 0.354375 0.3606393609375 0.36312500000000003 0.37162837187500003 0.36124999999999996 0.3646353640625 0.35812499999999997 0.358641359375 0.35 0.359640359375 0.296875 0.36863136875 0.286875 0.3606393609375 0.27749999999999997 0.3456543453125 0.27625 0.277722278125 0.25875 0.2667332671875 0.246875 0.2607392609375 0.255625 0.24575424531249998 0.263125 0.2357642359375 0.27999999999999997 0.23476523437500002 0.28875 0.2397602390625 0.29500000000000004 0.21878121875 0.31124999999999997 0.23076923124999998 0.32375
1 0.759240759375 0.27125 0.766233765625 0.2725 0.7822177828125 0.259375 0.7762237765625 0.24312499999999998 0.7602397609375 0.228125 0.7422577421875001 0.216875 0.7072927078125 0.20625 0.6893106890625 0.196875 0.6853146859375 0.19875 0.691308690625 0.20812499999999998 0.71928071875 0.2375 0.759240759375 0.27125
1 0.6643356640625 0.311875 0.6883116890625 0.32 0.69330669375 0.319375 0.7052947046875 0.31 0.70629370625 0.305625 0.7042957046875 0.30125 0.691308690625 0.29625 0.68131868125 0.28625 0.6853146859375 0.275 0.6803196796875 0.26875 0.6633366640625 0.254375 0.6303696296875 0.23562500000000003 0.61838161875 0.23500000000000001 0.6123876125 0.24 0.615384615625 0.26687500000000003 0.6263736265625 0.28500000000000003 0.641358640625 0.29812500000000003 0.6643356640625 0.311875
1 0.6333666328125 0.37875000000000003 0.6403596406250001 0.37687499999999996 0.6583416578125 0.36062500000000003 0.65634365625 0.3525 0.624375625 0.330625 0.6073926078125 0.3225 0.5994006 0.32125 0.5914085921875001 0.3275 0.590409590625 0.34375 0.602397603125 0.361875 0.624375625 0.37625000000000003 0.6333666328125 0.37875000000000003
1 0.7422577421875001 0.383125 0.7562437562500001 0.385 0.8061938062499999 0.384375 0.8251748250000001 0.37687499999999996 0.822177821875 0.3725 0.8001998 0.36062500000000003 0.740259740625 0.344375 0.709290709375 0.34375 0.69330669375 0.355 0.6923076921875 0.36312500000000003 0.7022977015625 0.37124999999999997 0.7172827171875 0.37875000000000003 0.7422577421875001 0.383125
1 0.7122877125 0.44125 0.7202797203125 0.440625 0.7272727265625 0.43624999999999997 0.7232767234375 0.42750000000000005 0.709290709375 0.41500000000000004 0.6703296703125 0.39625 0.6493506499999999 0.39125 0.6333666328125 0.4 0.6323676328125 0.409375 0.64435564375 0.4225 0.6553446546874999 0.428125 0.7122877125 0.44125
1 0.5924075921874999 0.40812499999999996 0.6063936062499999 0.403125 0.6083916078125 0.39249999999999996 0.6053946046875 0.388125 0.5784215781250001 0.37374999999999997 0.54445554375 0.369375 0.53046953125 0.375625 0.525474525 0.381875 0.534465534375 0.38937499999999997 0.54345654375 0.39875 0.5644355640625001 0.40812499999999996 0.5924075921874999 0.40812499999999996
6 0.44955045 0.349375 0.45354645312499997 0.35750000000000004 0.509490509375 0.39875 0.5484515484375 0.41500000000000004 0.5604395609374999 0.416875 0.5634365640625 0.406875 0.43056943125 0.294375 0.40559440625 0.28125 0.3796203796875 0.26 0.372627371875 0.259375 0.37162837187500003 0.26125 0.36863136875 0.27875 0.375624375 0.28125 0.3926073921875 0.301875 0.44955045 0.349375
1 0.43456543437499995 0.319375 0.4385614390625 0.3225 0.44755244687499995 0.32 0.446553446875 0.31062500000000004 0.424575425 0.28875 0.38061938125 0.25875 0.372627371875 0.258125 0.3696303703125 0.260625 0.36863136875 0.27875 0.403596403125 0.31375000000000003 0.4235764234375 0.325625 0.43456543437499995 0.319375
1 0.38061938125 0.388125 0.43456543437499995 0.3775 0.4515484515625 0.36875 0.45454545468749996 0.36062500000000003 0.446553446875 0.349375 0.41858141875 0.34750000000000003 0.40059940000000005 0.35125 0.3946053953125 0.35562499999999997 0.35664335625 0.3675 0.33666333593750003 0.38 0.33766233749999996 0.38625 0.3486513484375 0.390625 0.38061938125 0.388125
1 0.46753246718749997 0.436875 0.48551448593749996 0.43125 0.5014985015625 0.421875 0.5124875125 0.410625 0.5144855140625 0.403125 0.48951048906250005 0.385 0.45654345625000003 0.39625 0.43456543437499995 0.41624999999999995 0.43256743281250004 0.42374999999999996 0.4385614390625 0.433125 0.4515484515625 0.436875 0.46753246718749997 0.436875
1 0.778221778125 0.625625 0.7732267734375 0.630625 0.7542457546875 0.634375 0.7502497499999999 0.639375 0.741258740625 0.64125 0.7332667328125 0.650625 0.7352647359375 0.6725 0.7512487515624999 0.694375 0.7702297703125 0.70375 0.7792207796875 0.704375 0.7982017984375 0.7006249999999999 0.81818181875 0.6875 0.8251748250000001 0.690625 0.846153846875 0.6912499999999999 0.8651348656250001 0.686875 0.8781218781250001 0.6725 0.8821178828124999 0.645625 0.8731268734375 0.61875 0.860139859375 0.599375 0.822177821875 0.57625 0.8101898109375 0.5725 0.772227771875 0.571875 0.7612387609375 0.588125 0.7622377625000001 0.599375 0.76923076875 0.60375 0.7792207796875 0.618125 0.778221778125 0.625625
1 0.7432567437500001 0.635 0.7642357640624999 0.6331249999999999 0.778221778125 0.62625 0.7762237765625 0.61375 0.7562437562500001 0.596875 0.7312687312499999 0.5900000000000001 0.7042957046875 0.5775 0.6883116890625 0.573125 0.6773226765625 0.5662499999999999 0.66933066875 0.566875 0.6613386609374999 0.571875 0.6603396609375001 0.5756249999999999 0.6853146859375 0.6 0.71928071875 0.624375 0.7432567437500001 0.635
1 0.8861138859375 0.76 0.884115884375 0.7675 0.9050949046874999 0.79875 0.9230769234375 0.818125 0.9330669328125 0.821875 0.95004995 0.835 0.9540459546875001 0.835 0.947052946875 0.8114583328125 0.9450549453124999 0.7837500000000001 0.9380619375 0.76625 0.9070929078125 0.7262500000000001 0.884115884375 0.701875 0.8651348656250001 0.68875 0.8361638359375 0.6925 0.85014985 0.7162499999999999 0.8671328671874999 0.72875 0.8821178828124999 0.7474999999999999 0.8861138859375 0.76
1 0.5874125875 0.6443749999999999 0.624375625 0.6118750000000001 0.652347653125 0.5756249999999999 0.6363636359375 0.5525 0.6383616390625 0.5475 0.63136863125 0.54875 0.625374625 0.564375 0.6123876125 0.58125 0.5704295703125 0.6168750000000001 0.5394605390625 0.658125 0.540459540625 0.663125 0.5514485515625001 0.663125 0.5714285718750001 0.654375 0.5874125875 0.6443749999999999
1 0.5414585421875 0.590625 0.5544455546875 0.57875 0.5914085921875001 0.55625 0.6043956046875001 0.545 0.6133866140625 0.520625 0.6103896109375 0.5075000000000001 0.602397603125 0.506875 0.5364635359375 0.573125 0.527472528125 0.5875 0.527472528125 0.590625 0.5324675328125 0.5925 0.5414585421875 0.590625
1 0.8791208796875001 0.8318749999999999 0.8921078921875001 0.8300000000000001 0.9120879125 0.8099999999999999 0.8801198796874999 0.76375 0.8651348656250001 0.766875 0.8421578421874999 0.79875 0.8421578421874999 0.8231249999999999 0.8451548453125 0.8275 0.853146853125 0.8300000000000001 0.8791208796875001 0.8318749999999999
1 0.8771228765625001 0.746875 0.875124875 0.739375 0.8611388609375 0.725625 0.8571428578125 0.7268749999999999 0.8391608390625 0.75125 0.8231768234375 0.76375 0.8141858140625 0.7837500000000001 0.8131868125 0.80625 0.8201798203124999 0.8106249999999999 0.8421578421874999 0.79625 0.8771228765625001 0.746875
6 0.6233766234375 0.525625 0.627372628125 0.5125 0.6113886109375 0.47531249999999997 0.602397603125 0.440625 0.6083916078125 0.43499999999999994 0.6053946046875 0.43 0.6113886109375 0.41937499999999994 0.602397603125 0.41875 0.5894105890625 0.428125 0.5894105890625 0.46187500000000004 0.603396603125 0.505625 0.609390609375 0.5081249999999999 0.6233766234375 0.525625
6 0.646353646875 0.388125 0.6893106890625 0.3625 0.6983016984375 0.339375 0.71828171875 0.321875 0.71828171875 0.31 0.6893106890625 0.321875 0.6553446546874999 0.365625 0.6173826171875 0.395 0.616383615625 0.4 0.621378621875 0.401875 0.6403596406250001 0.39625 0.646353646875 0.388125
6 0.8811188812499999 0.569375 0.897102896875 0.5706249999999999 0.9210789203124999 0.583125 0.9310689312499999 0.591875 0.9420579421875 0.59375 0.9550449546875001 0.60625 0.9630369625 0.60875 0.975024975 0.608125 0.9860139859375 0.620625 0.9990009984375 0.62375 0.9990009984375 0.6131249999999999 0.9240759234375 0.5662499999999999 0.796203796875 0.46687500000000004 0.7802197796875 0.459375 0.7522477515625 0.438125 0.7362637359375 0.4375 0.734265734375 0.4425 0.7632367624999999 0.459375 0.875124875 0.5662499999999999 0.8811188812499999 0.569375
6 0.7762237765625 0.558125 0.791208790625 0.5599999999999999 0.79420579375 0.5575 0.791208790625 0.54875 0.7522477515625 0.48562500000000003 0.7322677328125 0.46875 0.7222777218750001 0.46749999999999997 0.7232767234375 0.47874999999999995 0.7432567437500001 0.515625 0.7702297703125 0.5543750000000001 0.7762237765625 0.558125
6 0.7322677328125 0.38375 0.7202797203125 0.38 0.734265734375 0.40499999999999997 0.7752247750000001 0.44312500000000005 0.7822177828125 0.43499999999999994 0.7322677328125 0.38375