3 0.27903474375 0 0.0983173625 0.9297103281249999 0.4599263734375 1 0.6426055671875 1 0.8247104609375 0.063151540625 0.49982395156250004 0 0.27903474375 0
0 0.5626928906249999 0.1532845359375 0.63665004375 0.1598240671875 0.683632359375 0.14388040156249998 0.696170240625 0.0632529265625 0.6139052671874999 0.026887903125 0.561596575 0.062170557812500006 0.5626928906249999 0.1532845359375
0 0.5052205875 0.1264404875 0.5539252671875 0.150013025 0.5904989765625 0.050548796875 0.593728053125 0.03393664375 0.5532038874999999 0.0166560046875 0.5152827453125 0.034360984375 0.494896846875 0.05860898437499999 0.5052205875 0.1264404875
0 0.5079480796875 0 0.48251824374999996 0.0013488515625 0.4594479390625 0.03134408125 0.4655770765625 0.104629259375 0.5519872421875001 0.0148522578125 0.5347472343749999 0 0.5079480796875 0
0 0.7567123421875 0.21137243125 0.708007659375 0.18779989218749998 0.6954697796875 0.26842736718750004 0.734108815625 0.3276574953125 0.755668921875 0.297368715625 0.7567123421875 0.21137243125
0 0.589207925 0.20232171562499998 0.5703322234375 0.2268632671875 0.601041859375 0.270446771875 0.6494105546875 0.28768497656249997 0.70159543125 0.2852906359375 0.716651465625 0.22395971874999998 0.589207925 0.20232171562499998
1 0.6951477421875001 0.48778067031249994 0.57860458125 0.3616880515625 0.529606346875 0.33962570625 0.523148196875 0.37285001093750003 0.5974448234375 0.44214578906249996 0.6951477421875001 0.48778067031249994
1 0.51739748125 0.3137436984375 0.4591648484375 0.20212000625 0.40626556562499994 0.1840011453125 0.419609696875 0.252419753125 0.51739748125 0.3137436984375
1 0.53426075 0.30761804531250003 0.5382396953125 0.2065198046875 0.5132807749999999 0.222042615625 0.53426075 0.30761804531250003
1 0.5111515015625 0.38619065468749997 0.470878453125 0.359555290625 0.3134007359375 0.36342436562499997 0.4358538875 0.41073569218749995 0.511278803125 0.4097242484375 0.5111515015625 0.38619065468749997
6 0.46904621874999997 0.57861504375 0.5364853546874999 0.3284247984375 0.5050647953125 0.3207500046875 0.46710819531250003 0.44345427343750005 0.3713572515625 0.7586678 0.3982047875 0.7576174078125 0.46904621874999997 0.57861504375
1 0.392326765625 0.6749775 0.4482819 0.5886841765625 0.45046058125000005 0.5452244890625 0.4143431890625 0.5617128250000001 0.3816705296875 0.6572335734375 0.392326765625 0.6749775
6 0.32344835625 0.7148756125 0.357093515625 0.743357159375 0.34361511093749997 0.5385611406249999 0.3185713234375 0.538394890625 0.32344835625 0.7148756125
1 0.32772085156249997 0.6122671765625001 0.3760930359375 0.685927290625 0.38834084999999996 0.663231921875 0.36740330625 0.5855010234375 0.325620065625 0.5585721046875001 0.32772085156249997 0.6122671765625001
1 0.386915521875 0.6786274296875 0.3519229296875 0.568386634375 0.3259136171875 0.5570619109375 0.34009945625000004 0.669527309375 0.386915521875 0.6786274296875
1 0.328849140625 0.541959953125 0.40204945312499996 0.520141753125 0.468660825 0.45159235625000005 0.4437832859375 0.42638231875 0.3335849234375 0.46921944375 0.328849140625 0.541959953125
1 0.236430165625 0.4691415484375 0.318277771875 0.5399050875 0.337111040625 0.5075190046875 0.27888189531249996 0.452317225 0.236430165625 0.4691415484375
1 0.17850851875 0.6381172125 0.3190770453125 0.57610735 0.3258287484375 0.5413728484375 0.275447621875 0.54255054375 0.1879870625 0.6054800140625 0.17850851875 0.6381172125
4 0.5140740828125 1 0.5696392140625 0.7141421828125 0.23890938281250002 0.6498548171875 0.18225437656250001 0.941319559375 0.4841390703125 1 0.5140740828125 1
6 0.358646146875 0.75149524375 0.3768109296875 0.762862403125 0.3977804453125 0.6791721015625 0.3790709921875 0.6786698640625 0.358646146875 0.75149524375