3 0.060245837499999996 0 0 0.57320085625 0 0.9502020234374999 0.4511285375 0.9976175421875 0.555493675 0.0046495875 0.51125580625 0 0.060245837499999996 0
1 0.48119957031249994 0.13077780781249998 0.368748909375 0.1543086671875 0.3057105203125 0.1810690828125 0.2687752953125 0.20860916718750003 0.265164609375 0.2180490859375 0.2854755015625 0.2241116140625 0.3628924953125 0.1851152671875 0.48072711406249996 0.1601864 0.5196397671875 0.1387458015625 0.48119957031249994 0.13077780781249998
1 0.52720204375 0.1632371265625 0.34156081718750003 0.18876486718750002 0.27150521250000004 0.23246269375 0.2533117640625 0.25608096874999997 0.26122148125 0.28047891406250003 0.292568590625 0.25627926093750003 0.386137459375 0.21308889375 0.5190137078125 0.18333761875000001 0.52720204375 0.1632371265625
1 0.3057105203125 0.1810690828125 0.3303087125 0.146340671875 0.33132949843750004 0.1366285453125 0.3181758375 0.1372099234375 0.301411490625 0.14723121875 0.2982091171875 0.15278628593750002 0.28982694375 0.157796934375 0.27163349531250003 0.181415209375 0.263251321875 0.1864258578125 0.26359549531250004 0.2080647484375 0.268979453125 0.2066667421875 0.2891503296875 0.189147953125 0.3057105203125 0.1810690828125
1 0.246626990625 0.2200284703125 0.2478519328125 0.2083739171875 0.25602995 0.20530569375000002 0.2554816203125 0.1856092296875 0.2515267609375 0.17341025625 0.2384372421875 0.1484678921875 0.22909842500000002 0.13766692656249999 0.2239186234375 0.1371225078125 0.21553645000000002 0.1421331546875 0.207562590625 0.1432589515625 0.204564375 0.14687159375 0.20374774687500002 0.15464129531249998 0.2319042140625 0.2106255109375 0.235859071875 0.22282448281249997 0.243628775 0.22364111250000002 0.246626990625 0.2200284703125
1 0.20813438125 0.31221301874999996 0.20042882031249998 0.2858726484375 0.148350775 0.23326582343750002 0.133219684375 0.22774771562499999 0.1117479921875 0.207816 0.044883028125 0.1713299578125 0.031933525000000004 0.1699689109375 0.033502640625 0.1799532484375 0.09716523125 0.22199435625000002 0.16812506875 0.2942606875 0.18619023125 0.3216898953125 0.20813438125 0.31221301874999996
1 0.212970009375 0.291118546875 0.220191384375 0.2722387109375 0.20553275000000001 0.2373120078125 0.1672208375 0.1782965296875 0.143771715625 0.152265328125 0.11453032031249999 0.1315169828125 0.10198913125 0.126271084375 0.0912212140625 0.129067096875 0.0878146828125 0.13656459062499998 0.1529822484375 0.214113778125 0.1795696 0.2601136546875 0.21433496875000002 0.30304530937499996 0.217537340625 0.2974902421875 0.212970009375 0.291118546875
1 0.20102956249999998 0.2054165703125 0.22447868437500001 0.2314477734375 0.241302128125 0.268822590625 0.229926784375 0.204526025 0.2148598375 0.1734841734375 0.20770260624999998 0.16684026875 0.2035435890625 0.156583721875 0.1625600484375 0.1020063734375 0.13561494999999998 0.11277842812500001 0.1607402203125 0.14030160625000002 0.1712398375 0.1649717609375 0.19169074375 0.1946156046875 0.19905213125000001 0.199317084375 0.20102956249999998 0.2054165703125
1 0.134392215625 0.3162457046875 0.18177524375 0.35727152812499996 0.20832562656250003 0.37680559687500004 0.21340754374999998 0.3616426890625 0.171059140625 0.31617178749999997 0.1495874484375 0.296240071875 0.1469975484375 0.2959678625 0.1350688296875 0.2848946859375 0.1324789296875 0.2846224765625 0.12532169843750002 0.27797857187499997 0.11775615312500001 0.2752195171875 0.105827434375 0.2641463421875 0.10323753437500001 0.2638741328125 0.0381228109375 0.22392202656250002 0.0243798578125 0.241837265625 0.097993590625 0.2888534546875 0.1077407234375 0.2957695703125 0.1118997375 0.3060261171875 0.134392215625 0.3162457046875
1 0.12226717812500001 0.3047700921875 0.030920321875 0.2605377328125 0.0215598921875 0.26866744374999996 0.121786884375 0.3365235484375 0.155391453125 0.3655860140625 0.20125711875 0.40876435312500004 0.21463185937499998 0.38556355937500003 0.12226717812500001 0.3047700921875
1 0.19594909375 0.4032348109375 0.1651385828125 0.3725021296875 0.0956837203125 0.335743878125 0.0749645125 0.3335662015625 0.074147884375 0.3413359046875 0.10202432187499999 0.35015748593749996 0.1594863265625 0.401366303125 0.18927605 0.44181111250000005 0.19594909375 0.4032348109375
1 0.3503106234375 0.3546507109375 0.2712438171875 0.378754771875 0.2250504734375 0.40040183906250004 0.221515659375 0.45894681562499995 0.28802472031250004 0.39916516562500004 0.3634001421875 0.379593075 0.402861125 0.3778489421875 0.4146498296875 0.3653408 0.3503106234375 0.3546507109375
0 0.200241275 0 0.2003177578125 0.012881187499999999 0.23037578124999997 0.025859829687500002 0.25818807499999996 0.0602051546875 0.305827075 0.0553927984375 0.32797538125000003 0.0439734953125 0.3109310046875 0.006832157812500001 0.28900885625 0 0.200241275 0
0 0.16979900625 0.10393993906250001 0.1679615921875 0.12142176874999999 0.1888208140625 0.1471807625 0.23270911249999998 0.12822700781250002 0.234954840625 0.1068603265625 0.22104869374999997 0.0896876640625 0.16979900625 0.10393993906250001
0 0.15659005625 0 0.15431201562500002 0.0021541390625 0.1439524109375 0.0010653015625 0.1372793671875 0.039641603125 0.1676815625 0.0742591359375 0.2136873046875 0.084986184375 0.23930628281250002 0.040545646875 0.22540013593750002 0.0233729859375 0.20767914531249998 0.0175826671875 0.2019789140625 0 0.15659005625 0
0 0.13352866562500001 0.0255002046875 0.12439400468749999 0.0127568140625 0.1042231296875 0.030275603125 0.0997958140625 0.0474852234375 0.0696736484375 0.0600303234375 0.06681544843750001 0.08722428125000001 0.09864674375 0.10824483437500002 0.1636625609375 0.08758390625 0.15677363125 0.0534738328125 0.12808056406249999 0.052421953125 0.13352866562500001 0.0255002046875
6 0.23158241406250002 0.374586190625 0.2690673359375 0.2144824453125 0.24772350781250002 0.2441364796875 0.216870421875 0.3411425359375 0.20500788124999997 0.36687314375 0.20691722812500002 0.401157075 0.1941116796875 0.42071664062499997 0.1849128765625 0.43349699218750004 0.20250558437500002 0.49033479375000005 0.213477659375 0.48559635468750006 0.22737207499999998 0.42814021718750006 0.23158241406250002 0.374586190625
5 0.19650915468750002 0.4975600765625 0.1858812515625 0.52393740625 0.18043315 0.5508591546875 0.188547025 0.573314675 0.20449474374999999 0.5710630812499999 0.194607596875 0.5405656484375 0.20925449999999998 0.5008635499999999 0.19650915468750002 0.4975600765625
5 0.059454809374999994 0.954487090625 0.14233163437500002 0.9631977968750001 0.16427578437499998 0.95372091875 0.16550072656249998 0.9420663656249999 0.227045875 0.9544266718750001 0.254986453125 0.9377245109375 0.21245138125000002 0.8939762281249999 0.21441708125 0.8254469140625 0.249911475 0.73687500625 0.3009452734375 0.6499363578125 0.297667028125 0.6063863656249999 0.2839650375 0.587271278125 0.24654562656249998 0.56959115625 0.2154668171875 0.5663246421875 0.21165197500000002 0.5777069859374999 0.17539336249999998 0.573896053125 0.16230384375 0.5489536875 0.1359965234375 0.55011644375 0.0659409171875 0.5938142703125 0.0365070953125 0.6496371515625 0.02677169375 0.7173498375 0.040001228124999996 0.76587351875 0.019906225 0.832497365625 0.0464935765625 0.8784972421875 0.0487510359375 0.9317593625 0.059454809374999994 0.954487090625
5 0.048546878125 0.9337017875000001 0.0672245125 0.9553037203124999 0.0978191359375 0.9133500265625001 0.0774965125 0.8326586984375 0.10043798749999999 0.6642120921875 0.086123525 0.6509242828125 0.08939003906250001 0.6198454734375 0.1088084296875 0.58457264375 0.1634646453125 0.5628228765625 0.16230384375 0.5489536875 0.178864034375 0.5408748171875 0.1798848203125 0.5311626890625 0.13640483750000001 0.5462315921875 0.0635551734375 0.5915996359375 0.0409344109375 0.6324275312500001 0.0265675375 0.7192922625 0.0386362703125 0.7539467546874999 0.036326399999999995 0.800837178125 0.016908009374999998 0.8361100078125 0.0419903890625 0.8466018046875 0.048546878125 0.9337017875000001
4 0.0863226734375 0.6236177765625001 0.2713969828125 0.6430698703125 0.27963880625000004 0.56465415 0.094564496875 0.54520205625 0.0863226734375 0.6236177765625001
5 0.1592414875 0.578090071875 0.0635551734375 0.5915996359375 0.06532844531250001 0.599641546875 0.12850685 0.5964624484375001 0.179348221875 0.586095025 0.1937268265625 0.57385909375 0.18397969375 0.5669429781249999 0.1592414875 0.578090071875