2 1 0.467728928125 0.893041171875 0.0044393421875 0.0612178390625 0.19648089062500002 0.246724840625 1 0.3414888328125 1 1 0.8479707171875001 1 0.467728928125
1 0.8545766499999999 0.20004990781249998 0.8543853328125 0.19510509843749999 0.804085378125 0.178922021875 0.7816165265625 0.1762695421875 0.7402015937499999 0.177991109375 0.7012510140625 0.186270846875 0.679321015625 0.19418463125000002 0.6382027015625 0.2136554984375 0.6092815671875 0.232448559375 0.5796495562499999 0.2563947171875 0.5230061 0.3115218484375 0.49970874218750005 0.354674159375 0.4920418296875 0.37497469687499996 0.502090565625 0.406152190625 0.503863334375 0.438527628125 0.5098855546875 0.45638049062499997 0.5274607984374999 0.45018479375 0.62532786875 0.3883912828125 0.7106502296875 0.32165412656250003 0.7230194328125 0.30525695937499997 0.743422371875 0.2948448796875 0.7657157140625 0.27615654375 0.8309124656250001 0.21691659375 0.8545766499999999 0.20004990781249998
1 0.502039653125 0.41828003281250004 0.490463859375 0.384604246875 0.42738929375 0.317204371875 0.388087696875 0.2828024765625 0.346427053125 0.2546469015625 0.3001343203125 0.23112428437500002 0.24709268125 0.2112979078125 0.2000030578125 0.20078806718750003 0.1701604375 0.1991252453125 0.1358770453125 0.20704019062499998 0.10471797499999999 0.22848805312499998 0.0965824140625 0.2467586515625 0.1017375421875 0.2690879671875 0.116973025 0.2898027578125 0.15098256875 0.3218628625 0.21917368124999997 0.3702637109375 0.370752803125 0.4464518578125 0.3897181796875 0.4627419796875 0.3952524609375 0.457900734375 0.41510074062499996 0.45331839843750005 0.442549209375 0.4569593765625 0.44607197656249997 0.4639859046875 0.46081951875 0.4620065890625 0.5019729328125 0.44680388437499996 0.502039653125 0.41828003281250004
1 0.48072219218749995 0.48235658593749997 0.477043209375 0.47465341250000004 0.462346578125 0.46450488281249996 0.43106291093750004 0.452484084375 0.42172853281249995 0.45321367500000004 0.3897339890625 0.44634597343750004 0.358989171875 0.44489143750000004 0.3276036828125 0.45712632812500004 0.32673658906249997 0.46160277968749996 0.334805428125 0.4718560328125 0.41559216093750007 0.513072684375 0.4416539796875 0.5312880203125 0.449652615625 0.5330049453125 0.4749140609375 0.5271728796875 0.4676772140625 0.5081750140625 0.48072219218749995 0.48235658593749997
1 0.694659921875 0.39234063125 0.6938437390625001 0.38468923906249997 0.6759016718749999 0.3645993109375 0.6621423359375 0.358510659375 0.6477423250000001 0.36611143125 0.6070417499999999 0.3997400796875 0.6036593921875 0.4097862046875 0.6147665375 0.44143205312499995 0.6541032343750001 0.4801021109375 0.6724630375 0.5143498203125 0.7105974374999999 0.4984186890625 0.7222522812500001 0.450114440625 0.694659921875 0.39234063125
1 0.9144231921875001 0.442809271875 0.9079674234375 0.427194634375 0.8910837671875 0.407573065625 0.882460265625 0.40314955625 0.8626980015625 0.39987221093750003 0.8169124999999999 0.41970787343750005 0.7566567859375 0.43860797968750004 0.7166670875000001 0.46708352968750005 0.7215606953125 0.4759317078125 0.7322308125 0.4727556046875 0.7354920578125 0.4663009984375 0.8000323249999999 0.43714648125 0.8470008328124999 0.4512478390625 0.8672668484375 0.46082328281249996 0.8734961968749999 0.46722494687499994 0.8928249171875 0.47274051874999995 0.9067562796875 0.463109809375 0.9124116750000001 0.4546770453125 0.9144231921875001 0.442809271875
6 0.7191507328125 0.49430587187499997 0.7132496265625 0.47286149218749995 0.6713151328125 0.48468096562499996 0.6786730953125 0.500087315625 0.6716661484374999 0.5273625984375 0.649634328125 0.5595320703125 0.644049134375 0.576501159375 0.6303792921875 0.5996130046875 0.6362452984375 0.6167892203124999 0.642751978125 0.6202760140625 0.6604834359375 0.6147569625 0.6803984359374999 0.5816507750000001 0.68551498125 0.5626517484375 0.7191507328125 0.49430587187499997
1 0.6588282984375 0.541729828125 0.6558952953125 0.5331417203125 0.6412846765625 0.5151335125000001 0.6261895984375 0.5114913734375001 0.622787946875 0.5008733265624999 0.6254594296875 0.4959803 0.6170623484375 0.5007697624999999 0.6016899390625 0.500042496875 0.5841146984375001 0.50623819375 0.5853644265625 0.5116513625 0.581322103125 0.5147227390625 0.5845675359375 0.524664140625 0.6180224187500001 0.5625539875000001 0.6279149375 0.5930548328125 0.632617228125 0.596958203125 0.6588282984375 0.541729828125
6 0.6233846734374999 0.5734321046875 0.6180224187500001 0.5625539875000001 0.540770778125 0.474907678125 0.5234026640625 0.46965217656249997 0.507909140625 0.47251642812499994 0.504284553125 0.4897455875 0.5088148171875 0.5093683171875 0.5235465515625 0.5237850078124999 0.5336269078125 0.5221704875000001 0.5490888109375 0.5520982515624999 0.530767590625 0.55917888125 0.5309589078125 0.564123690625 0.553099515625 0.5818188875 0.575935190625 0.61075699375 0.6055706843750001 0.6238710125 0.622087515625 0.6172069578125 0.6297035171875 0.609034265625 0.6233846734374999 0.5734321046875
4 0.808806678125 0.569823175 0.4154498734375 0.66063675 0.48168546093750003 0.9475346015625 0.8750422656250001 0.8567210281250001 0.808806678125 0.569823175
6 0.5578561984375 0.610654590625 0.542343384375 0.5928546703124999 0.539480584375 0.5928028890625 0.540574096875 0.597539409375 0.5455888203125 0.6027960703125 0.5412691640625 0.6087823203125 0.5234165921875 0.6178928890625001 0.5095712421874999 0.6196639171875 0.55600438125 0.6602591875 0.5674555781249999 0.660466315625 0.5833475453125 0.6510956765625 0.593010165625 0.635323371875 0.5907529375 0.617314003125 0.5578561984375 0.610654590625
5 0.9358491578124999 0.7949310015625 0.9310415640624999 0.77822314375 0.9275890015625 0.779732940625 0.9206329671875 0.7948803796874999 0.9211367156250001 0.80117848125 0.9255265749999999 0.8037285593749999 0.9358491578124999 0.7949310015625
5 0.9640910375 0.7484990234375 0.9596660781249999 0.7416807828125 0.9272888984375 0.7249234640625 0.9189076265624999 0.71331691875 0.8936970921875 0.707021140625 0.88746774375 0.7006194765625 0.862968084375 0.6891705984375001 0.868174125 0.69937206875 0.9167591859374999 0.74517221875 0.9220863406250001 0.751782171875 0.9215316796874999 0.7576119140625 0.9335217296874999 0.76838530625 0.9389348953125 0.767135578125 0.9500227499999999 0.7781172562500001 0.9669573187499999 0.7856109828125 0.9706872109375 0.7811863140625 0.9471757609375 0.76166946875 0.9413799578125 0.753029578125 0.9425243828125 0.7456382546875 0.9452309640625 0.7450133921875 0.9640910375 0.7484990234375
5 0.93477145625 0.773798471875 0.9300691656250001 0.769895103125 0.9217580984374999 0.7668248859375 0.906698121875 0.7674509109375001 0.9159464859374999 0.774581003125 0.9269641375000001 0.77702635625 0.93477145625 0.773798471875
5 0.8891035875 0.7529824390625001 0.8854597078124999 0.749547428125 0.8488488859375 0.7309166765625 0.8296921921875 0.7096817453125001 0.8133473875 0.7006264390625 0.823533046875 0.7118164078125 0.8244703437500001 0.7158762828125 0.8198382578125001 0.720509240625 0.8236734546875001 0.7288890593749999 0.837815425 0.74486733125 0.8488681781249999 0.751580846875 0.8872131874999999 0.7612586953125 0.8891035875 0.7529824390625001
5 1 0.5370632484375 0.9578249859374999 0.5361322984375 0.9130276937499999 0.547899990625 0.9035371 0.547952934375 0.8484014125 0.5849141906249999 0.7968043 0.6125059687500001 0.792570659375 0.6106325375 0.7870363765625 0.6154737828125 0.7740581203125 0.6127683609375 0.7667703609375 0.6058983375 0.771871096875 0.6032953187500001 0.7674812375 0.600745240625 0.743903065625 0.6097522468750001 0.7334242671875 0.6178731578125001 0.73009281875 0.6157914375 0.71052186875 0.617458903125 0.6816516453125 0.6241241203125 0.6815656328124999 0.6319838 0.693762809375 0.6313059937500001 0.700843440625 0.6496272140625 0.69742598125 0.6554051750000001 0.6994216859375 0.6599334078125 0.7178131109375 0.661389103125 0.736013215625 0.6578999890625 0.7728118734375 0.6444153703125 0.8212337546875 0.6154185187500001 0.8366219734375001 0.5997497796875 0.9168628906249999 0.5562798124999999 0.9672295671875 0.5439390375 0.9978181671874999 0.5447169265625 1 0.5452787390625 1 0.5370632484375
5 0.9098594249999999 0.6206152734375 0.907117740625 0.616971975 0.8457334124999999 0.626867396875 0.82109683125 0.6354060453125 0.8268575312499999 0.6397777703124999 0.8386211625 0.641338190625 0.885570378125 0.634775378125 0.9004390359375 0.6292045421875 0.9098594249999999 0.6206152734375
5 0.7156944078125 0.8250891062499999 0.7039974984375 0.795004834375 0.688066946875 0.763047134375 0.6753309203125 0.7531586765625 0.66389553125 0.7365555421875001 0.6646064078125 0.7314024453125 0.6572326375 0.732392103125 0.650378425 0.7232838546875 0.644496609375 0.7225036453125 0.6425711046875 0.7265117390625 0.665875428125 0.75747978125 0.6819270937499999 0.785845965625 0.6806264546875 0.7925606421875 0.68801951875 0.8122351562500001 0.6885425609375 0.8391974281250001 0.684968884375 0.8442987421874999 0.6935414718749999 0.8608500953125 0.7018174390625 0.8596521484374999 0.7044889203125 0.854759121875 0.7118626921875 0.8537694640625 0.7078010765625 0.8361766718749999 0.709101715625 0.8294619937500001 0.7156944078125 0.8250891062499999
5 0.8641071453125001 0.8093558156249999 0.857963809375 0.7950944718749999 0.8487154453124999 0.7879643796875 0.8310700000000001 0.7856237515625 0.8253092984375 0.7812520234375 0.8020049765625 0.7502839812500001 0.7952367765624999 0.7333160515625 0.7823445328124999 0.7227509484375 0.774658328125 0.7223873140625 0.769350465625 0.73644153125 0.7879876 0.7677743687499999 0.807769159375 0.7917158843750001 0.8198803218749999 0.7988977578124999 0.8269416625 0.796554809375 0.8414118765625 0.7974903640625 0.8731132796875001 0.8236689453125001 0.8803659375 0.826270803125 0.8779015843750001 0.8197126328125 0.8641071453125001 0.8093558156249999
5 0.810918134375 0.69833643125 0.8064580734375 0.687250028125 0.7957177515625 0.681889803125 0.8055400687500001 0.7038543234375 0.812636509375 0.7057795359375 0.813608909375 0.7141075765625 0.8173739015624999 0.7139510687499999 0.818049678125 0.7045298078125 0.810918134375 0.69833643125
5 0.859046875 0.688650459375 0.8584220124999999 0.6859438765625 0.805361078125 0.6454533296875 0.801596084375 0.6456098359375 0.8039042249999999 0.651491359375 0.83000114375 0.673974859375 0.8543796875 0.689015253125 0.859046875 0.688650459375
5 0.5198849796875 0.7013827234375001 0.51670975 0.69997765 0.503887709375 0.697948871875 0.4561925140625 0.7053966203125001 0.43509450625 0.7045657890625 0.39975270625000003 0.7120123765625 0.38464181875 0.7247662453125 0.38694995625 0.7306477703125001 0.3978974046875 0.7245567953125 0.51811569375 0.7060674625 0.5198849796875 0.7013827234375001
5 0.8162592156249999 0.853187096875 0.8081552750000001 0.83866568125 0.7991333296875001 0.8407485625 0.7858426421875 0.8366898468749999 0.7787110984375001 0.83049646875 0.764119771875 0.8331524328125001 0.7621942671874999 0.837160525 0.767087875 0.846008703125 0.8017029890625 0.860111221875 0.8104476046875 0.8609432124999999 0.8162592156249999 0.853187096875
5 0.56496656875 0.7608205140625001 0.5655212296875 0.754990771875 0.5528554046874999 0.753638640625 0.528808584375 0.760615709375 0.510885809375 0.7611899515625 0.47353249062499997 0.7805043125 0.4634521359375 0.7821188343750001 0.45739829531250004 0.7970579859375 0.4499034078125 0.8016391625000001 0.449036315625 0.8061156140625 0.46664665781250003 0.8041880796875001 0.475945934375 0.7991903265625 0.4983287703125 0.8097024890625001 0.5023359953125001 0.802362946875 0.5039999765625 0.7848737171875 0.5143576640624999 0.780344325 0.5276483515625 0.7844030390625 0.535768103125 0.782528446875 0.5467664625 0.7643096296875 0.5535153703125 0.7606133875000001 0.56496656875 0.7608205140625001
5 0.639861040625 0.690076425 0.631929125 0.6598356484375001 0.61903688125 0.6492705437499999 0.6082105484375 0.65177 0.6038908921874999 0.65775625 0.607448759375 0.6690509421875 0.62754275 0.6943457484375 0.6385253 0.6925229374999999 0.639861040625 0.690076425