3 0.2510665609375 0 0.053111853125 0.7939529640625 0.8390513921875 0.9899096999999999 1 0.34438009375 1 0.10935718593749999 0.5613922812500001 0 0.2510665609375 0
1 0.4867334171875 0.6152128375 0.47604527343749997 0.652913684375 0.47527146875000004 0.7076868125 0.48563139375000003 0.7901423890625 0.5087117796875 0.8525807249999999 0.528130734375 0.8780346859374999 0.5528011125 0.8979272171874999 0.5691764828125 0.9045865890625 0.6053577109375 0.9093133609375 0.6140461390625 0.905467715625 0.6207022515625 0.8839384640624999 0.620656609375 0.8117841296874999 0.6093114984375 0.7694486203124999 0.5991596953125 0.696492228125 0.5673811 0.6224378921875 0.5544166546875 0.5762632578125 0.5624741984375 0.53361230625 0.5580194015625 0.5204777734375 0.5705480421875 0.5167307578125 0.57397526875 0.5029849015625001 0.561235246875 0.4920788546875 0.5513306874999999 0.490468215625 0.52710915625 0.541112859375 0.526510871875 0.5538463609375001 0.4867334171875 0.6152128375
1 0.13162615312499998 0.623724103125 0.1316294125 0.6288779828125 0.1441645734375 0.635438728125 0.21834144375000003 0.63761505 0.307671034375 0.6306866984374999 0.365878996875 0.6297403687500001 0.40206022499999994 0.6344671390625 0.42550469062499996 0.63344174375 0.463698675 0.624928834375 0.48693501875 0.6144042578125 0.5127824046875 0.5779065 0.5261011484375 0.5451557578124999 0.52286574375 0.542631390625 0.50649689375 0.54627978125 0.45254864531249994 0.5714769828125 0.3763688 0.5980019828125 0.30725805 0.616842215625 0.1880197015625 0.6300549906249999 0.138698509375 0.621193215625 0.13162615312499998 0.623724103125
1 0.363371753125 0.5002885390625 0.3672152234375 0.5055410484375 0.3878340078125 0.5106818890625 0.4397727609375 0.5038782453125 0.51917823125 0.46441596875 0.5438225265625001 0.443077453125 0.5480463796875 0.410635634375 0.541773909375 0.399624440625 0.46054424374999997 0.4309022921875 0.4259953890625 0.45063016874999995 0.3666006390625 0.49250514375 0.363371753125 0.5002885390625
1 0.60065188125 0.49932999218749996 0.6038872859375 0.501854359375 0.61177256875 0.5063969140625 0.6849479515625 0.522923896875 0.7011217203125 0.5303918484375 0.726803365625 0.5513953625 0.7581428953125 0.570374165625 0.8175800296875 0.59549964375 0.8614449390625 0.6055775484375 0.89055055 0.6076813249999999 0.9067177984375 0.6048415140625 0.9158061703125 0.5942248296875 0.9129707078125 0.5849294234375 0.873336171875 0.5527174609375 0.8130893718750001 0.525672421875 0.7934818546875 0.5216425640625 0.742349509375 0.5252118859375 0.726377340625 0.5169353546875 0.6800866921875001 0.50625264375 0.6493650078125001 0.5054636265625 0.61742719375 0.4992183234375 0.60065188125 0.49932999218749996
4 0.26394923124999997 0 0.1785406375 0.3425551578125 0.8698763421875 0.5149245078125 0.9726931484374999 0.1025488234375 0.5613922812500001 0 0.26394923124999997 0
6 0.55047211875 0.41124043906249996 0.5458581046875 0.465914940625 0.54991295625 0.48582051249999997 0.5691172703125 0.4914675296875 0.5796266328125 0.4906524296875 0.60160120625 0.40251723437500003 0.5977283921875001 0.3508797984375 0.60761013125 0.31641326875 0.6080002921875 0.2941805859375 0.5883960375 0.29530460937499997 0.5801205921875 0.3129947375 0.5688080828125 0.32219803593749996 0.5484235015625 0.36778742656249996 0.5415690484375 0.3952791390625 0.55047211875 0.41124043906249996
1 0.576391228125 0.48812806249999996 0.5790218281249999 0.49307817031249995 0.5945875328125 0.49781797968749997 0.6083290421875 0.4943733640625 0.628128378125 0.48213300156249994 0.6430729765625001 0.4635291453125 0.6549805109375 0.43643846249999996 0.6559787375 0.416933921875 0.642016065625 0.3902638296875 0.6240278828125 0.3900730953125 0.6014028640625 0.4084796953125 0.5864876078125 0.47346847968750005 0.576391228125 0.48812806249999996
6 0.6555298921875 0.346396746875 0.6466561625 0.376820375 0.6707738984375 0.48160074062499997 0.6790721640624999 0.49998778125000004 0.691204121875 0.5081656859375 0.7217274640625 0.514917165625 0.718667578125 0.4703531703125 0.7099628484375 0.4484294109375 0.7111659375 0.43327017031250004 0.689113121875 0.3977122203125 0.6824244078125 0.3677026625 0.67271166875 0.3498218 0.6555298921875 0.346396746875
6 0.62012246875 0.28689684843749996 0.6193193234375001 0.2952850484375 0.6224020296874999 0.375926209375 0.62564395625 0.3887583390625 0.630495434375 0.3899679484375 0.6401951312499999 0.3872332859375 0.6557282343749999 0.34043428593749997 0.65791325 0.2800010984375 0.6530585109375 0.2736376078125 0.6522390640625 0.256256403125 0.6407184328125 0.25596052187499996 0.63931048125 0.2667744609375 0.62012246875 0.28689684843749996
6 0.6597178828125 0.2572622375 0.6664000765625 0.2769640328125 0.7070621828125 0.3360563828125 0.7331470312499999 0.3554427359375 0.7412306546874999 0.35402283125 0.7432336296875001 0.3253215109375 0.7274532828125 0.30077475625 0.7050103046875 0.28744949062499997 0.6878154875 0.2634089125 0.6659838328125 0.2579656703125 0.663554834375 0.252206984375 0.6597178828125 0.2572622375