3 0.8988603749999999 0.3885579046875 0.096488259375 0.2470780515625 0.0311181609375 0.6178102984375 0.833490278125 0.7592901515625 0.8988603749999999 0.3885579046875
1 0.44420315625000006 0.49650792812500005 0.44869471718750004 0.492363809375 0.42629797812500003 0.4700805671875 0.42543897187499996 0.46428784375000004 0.415031871875 0.4539909015625 0.4071869078125 0.4504921515625 0.3922733671875 0.43375934374999997 0.3485421046875 0.4098297234375 0.2995280109375 0.389199540625 0.2389158125 0.37569134531250004 0.1772860484375 0.37328624375 0.1307432671875 0.38129811406249997 0.11799212343750001 0.3896271046875 0.1094385078125 0.40081170468750005 0.1093328015625 0.41207558281249995 0.137397225 0.40221579375000005 0.1633438984375 0.3990341609375 0.22464165937499997 0.424650915625 0.309097665625 0.4522356203125 0.358850175 0.47934242187500004 0.3873210125 0.499170903125 0.40613805156250005 0.5257590484375 0.42704307343750003 0.5245090671875 0.4403443078125 0.51839254375 0.4476242984375 0.5090988421875 0.44420315625000006 0.49650792812500005
1 0.8512540515625 0.5661665109375 0.85347750625 0.5482244734374999 0.8370871328125 0.5185384281250001 0.8211411421875001 0.50232873125 0.7880432734375 0.4767482765625 0.7392703593750001 0.45475030624999996 0.67580199375 0.44144364999999997 0.5994090421875 0.44278181562499996 0.5369500375 0.4557439578125 0.520551459375 0.4634298078125 0.48816891875 0.47111788125 0.4582279265625 0.48628804062500003 0.46060173750000005 0.488822078125 0.45211585625 0.5049547234375 0.45436907812499994 0.50817265625 0.475221246875 0.5125546140624999 0.5068125171875 0.5040218609375 0.5570027343749999 0.49665313125 0.6081824671875 0.501446553125 0.717489921875 0.5249513515625 0.74899036875 0.5382624609375 0.7758637828125 0.5458215984375 0.8203185796874999 0.5656478546875 0.8383145828125 0.57023135 0.8512540515625 0.5661665109375
1 0.8201548687500001 0.4492680203125 0.82093125625 0.43953271562499996 0.8134331765624999 0.4234022984375 0.79943149375 0.406830275 0.7668308640625 0.3890942296875 0.7215996796875 0.37900327968749997 0.67662455625 0.3781245265625 0.65183091875 0.3800991546875 0.6050469609375 0.38947881562500003 0.6247460921875 0.395067775 0.634844278125 0.40178445937499996 0.6366151437500001 0.4077379703125 0.63315603125 0.411358978125 0.6162073593749999 0.41683236093750003 0.6041120140625 0.4161099390625 0.5967642890625 0.42045559531250004 0.5753091765625 0.419493109375 0.5638316578125 0.42593120156250003 0.5434387578125001 0.4456055765625 0.54350649375 0.450553621875 0.55468998125 0.45111525781250006 0.558510859375 0.44544256562499995 0.5675088609375 0.44773431406249997 0.5877432 0.44495575781249996 0.592114171875 0.4414955328125 0.6338036265625 0.4396794625 0.6777463 0.441081325 0.7458945499999999 0.454508015625 0.8126865546875001 0.45429757187500003 0.8201548687500001 0.4492680203125
1 0.56373415625 0.3998231875 0.5636664203125 0.3948751421875 0.5527092296875 0.38236573281249997 0.544193584375 0.3773384078125 0.51866153125 0.37283641875 0.5014039453125 0.3747295421875 0.4663007125 0.3925152453125 0.43595998125 0.42594901093750004 0.4355453609375 0.4336326328125 0.4513707625 0.45052622500000006 0.45525937499999997 0.44980157812500005 0.5105820671875 0.4186573359375 0.56373415625 0.3998231875
1 0.56373415625 0.3998231875 0.5636664203125 0.3948751421875 0.5535005 0.3832104125 0.543281725 0.3771776234375 0.517749671875 0.3726756328125 0.5014039453125 0.3747295421875 0.4663007125 0.3925152453125 0.44578722343750005 0.41287351406250006 0.434754090625 0.43278795312499996 0.45216203125 0.45137090625000004 0.49120673125 0.427228615625 0.56373415625 0.3998231875
1 0.3604870953125 0.39007606875 0.3611428921875 0.3810246578125 0.27285932968750004 0.311160765625 0.24481799531249998 0.29422864843749996 0.22468936093749997 0.285743325 0.20748462812500001 0.2820045078125 0.1922919390625 0.2828514140625 0.1658100578125 0.2944005640625 0.154400275 0.3057867015625 0.1504885734375 0.33330325781250003 0.15773059375 0.3402214796875 0.18324776250000002 0.3341434859375 0.21132706875 0.3348636796875 0.2213046640625 0.342264259375 0.25917324062499997 0.34612088124999996 0.28866164375 0.35484626874999997 0.3416320859375 0.3796998484375 0.35763092812499997 0.3902776078125 0.3604870953125 0.39007606875
1 0.418988221875 0.45821430156250004 0.41512269531249996 0.43214703906249996 0.40569519062500004 0.426958928125 0.40294473125 0.41589658749999997 0.39425564375 0.41718509687500005 0.37216781875 0.3984821125 0.3597635609375 0.39417943437499997 0.3301396859375 0.3755579546875 0.2946828890625 0.3580234484375 0.249022203125 0.3450361359375 0.22823777031249998 0.34560222343749997 0.22283435156250003 0.34958555625 0.2258259890625 0.359280109375 0.2372126828125 0.3746858796875 0.30031928125 0.39004422031249997 0.3312696359375 0.40114286093749996 0.3911203296875 0.434966346875 0.418988221875 0.45821430156250004
5 0.55652705625 0.5473405859375 0.5590065703125 0.5386107453125 0.526744621875 0.5456149265625 0.5229237421875 0.55128761875 0.5161789625 0.552213803125 0.49930623125 0.5252633343750001 0.49953252656249997 0.5133155609375 0.484581015625 0.5127946796875 0.4734124125 0.5228130281250001 0.4625906921875 0.520199709375 0.44908624843749995 0.5114720953125 0.43895009375000005 0.5209673359375 0.402678940625 0.5293800578125001 0.39338690781249996 0.5340880375 0.388857378125 0.55444408125 0.39981456875 0.5669534890625 0.40239158750000004 0.5843316640625 0.4325953203125 0.6263255812499999 0.4526182484375 0.6460747828125 0.4675020234375 0.6416476203125 0.4816325 0.6201638546875 0.5245129625 0.60092885625 0.5373846953125 0.591915971875 0.5379199031249999 0.5835484546874999 0.5286129890625 0.5776764515624999 0.5253124359375 0.5644016421875 0.55652705625 0.5473405859375
1 0.50912526875 0.54955973125 0.5007979484375 0.548796559375 0.5086429125 0.552295309375 0.50912526875 0.54955973125
1 0.50180063125 0.5271134796875 0.5029916375 0.509694553125 0.498311753125 0.50957451875 0.4936467515625 0.5200344718750001 0.50180063125 0.5271134796875
5 0.47418574687500004 0.6837252687500001 0.47399742343750007 0.6794611171875 0.46711716875000003 0.6704912125 0.4504625296875 0.6689648640625 0.43141919531250006 0.65432449375 0.39330276249999996 0.6038837796875 0.39511159687499997 0.5936253671875 0.38745495937499996 0.5943907671875001 0.3663995828125 0.5751646734375 0.343467634375 0.5612489484375 0.3256599578125 0.5609296046875001 0.3175209609375 0.56443058125 0.36630875937499996 0.5970085375 0.376459796875 0.5980932828125 0.38048388437499997 0.6072647250000001 0.3900319765625 0.6117689421875 0.39297076249999996 0.6270954328125 0.39116192656250004 0.6373538484375 0.385276153125 0.6440727578125001 0.39896892031250003 0.657064521875 0.4039726015625 0.6713447968749999 0.4263544578125 0.683048053125 0.42835161875 0.677053790625 0.4429264796875 0.6690463703125 0.45976944375000006 0.67483686875 0.4696264515625 0.6829213421875 0.47418574687500004 0.6837252687500001