3 0 0.517460384375 0.025919178124999998 0.8881219015624999 0.85049904375 0.8304616609375 0.8017898421874999 0.1338876234375 0 0.1899542296875 0 0.517460384375
0 0.222998325 0.3696300859375 0.22269314062499998 0.36526574218749996 0.2145898078125 0.3639528046875 0.199728490625 0.3662450609375 0.19309511875000002 0.35731101875000004 0.198981146875 0.34123627343749996 0.1856333890625 0.336530903125 0.1606879671875 0.3664689359375 0.156969465625 0.38489821874999997 0.1636464359375 0.3944557375 0.1706224078125 0.39396793125 0.222998325 0.3696300859375
0 0.7889116796875 0.3137678875 0.7875663296875001 0.30884975468750003 0.772181840625 0.30366028125 0.732319140625 0.306447753125 0.7316277578125 0.31088178125 0.7201049265624999 0.3179527984375 0.70641456875 0.322669278125 0.69839843125 0.3226032953125 0.68903694375 0.3176191796875 0.6726620671875 0.3269090625 0.650824778125 0.3296891265625 0.652992303125 0.3320436625 0.6493548171875 0.33731023125 0.6434626078125001 0.33897530625 0.66001805625 0.34658900312499996 0.6911296375 0.3475461 0.6989277859375 0.3444946953125 0.7062089421875 0.34837123124999997 0.710375784375 0.36499606406249996 0.70595971875 0.37344970625 0.71994908125 0.35868789843750004 0.7218924359375001 0.343515378125 0.745722859375 0.3405959390625 0.7701574703125 0.33199551718750003 0.7889116796875 0.3137678875
0 0.30139724375 0.30212180625 0.3018706390625 0.2945703890625 0.2980151609375 0.29671956875 0.1398039734375 0.2683116234375 0.1369824796875 0.25660492343749997 0.127066584375 0.2723349390625 0.1339179453125 0.28438636875 0.121398546875 0.2915270734375 0.0816230421875 0.2955615 0.0851795171875 0.303457646875 0.112005825 0.31473881875 0.12184688749999999 0.3265811875 0.1761036921875 0.343462546875 0.182519075 0.34927920156250003 0.18200208281250002 0.356207140625 0.1899746234375 0.355649646875 0.192659140625 0.35107624375 0.21016137812500002 0.34358710625 0.2333440171875 0.345725175 0.24157814375000003 0.348908546875 0.252453190625 0.3468950359375 0.2565204734375 0.333453575 0.2499306984375 0.32514300937499996 0.29485725 0.3088443890625 0.30139724375 0.30212180625
0 0.7498526125 0.270762753125 0.7482456749999999 0.262103753125 0.737102859375 0.24596672812499998 0.7216311734375 0.23953030000000003 0.7150413999999999 0.23121973437499999 0.704907515625 0.2438323625 0.638361665625 0.266028434375 0.6235003484375 0.2683206921875 0.616181775 0.27823034999999996 0.6258484484375 0.287578809375 0.6305508265624999 0.3405047125 0.6251381953124999 0.34902804062500004 0.6183802109375 0.3526332359375 0.6294732468750001 0.35373711406249997 0.6537770640625 0.343266259375 0.6610146234375 0.346519315625 0.6880527390625 0.34650820625 0.7046456046875 0.340335709375 0.7111917812499999 0.348022796875 0.711845746875 0.3573749609375 0.715962809375 0.3589666453125 0.7195566999999999 0.35307659999999996 0.718771940625 0.3418540046875 0.7140009093749999 0.33091015625 0.7386909265625 0.3116409296875 0.7562803578125 0.305398746875 0.7673672125000001 0.2920929546875 0.745305753125 0.2773459609375 0.7498526125 0.270762753125
1 0.29412259375 0.212410728125 0.29000553125 0.21081904375 0.27272128281249997 0.22142556875000002 0.23858258437500002 0.2344637234375 0.22142912812499999 0.24694068125 0.206530396875 0.26301913125 0.201684534375 0.2796476671875 0.21854516875000002 0.2916257078125 0.2254339453125 0.2898909453125 0.2629423640625 0.2534356859375 0.28879715625 0.22218101250000002 0.29412259375 0.212410728125
1 0.368634478125 0.2754917046875 0.369749475 0.24847311093750002 0.36342128749999997 0.2439034109375 0.3515060765625 0.2453631296875 0.31992728125 0.2663671203125 0.3039883859375 0.281891778125 0.299441525 0.2884749875 0.30421255625 0.29941883593749996 0.294944446875 0.31009134375 0.28233785 0.31598509375 0.2806499 0.320488809375 0.28195165312500003 0.324783465625 0.294564428125 0.3332993875 0.2995908640625 0.3335744296875 0.3229417125 0.3237967390625 0.34490361406250003 0.3084774375 0.358936571875 0.2943391078125 0.368634478125 0.2754917046875
1 0.39891119375 0.350437271875 0.3967810828125 0.3342965421875 0.388372565625 0.3286192609375 0.3804872203125 0.3304237109375 0.36411234531250003 0.33971359375 0.333748109375 0.363765284375 0.33232174531249997 0.372009865625 0.351393503125 0.3869659203125 0.35850026874999996 0.3883485453125 0.367294984375 0.385227453125 0.38821671874999997 0.36935436093749996 0.39891119375 0.350437271875
1 0.2986128421875 0.3768731265625 0.297049503125 0.36883760625 0.2803196625 0.3587299984375 0.24946966874999998 0.3615137671875 0.1908091625 0.381905390625 0.1697130359375 0.395284571875 0.16702851875 0.39985797500000003 0.1864864734375 0.40601565624999997 0.23635844687500002 0.4031547953125 0.250179596875 0.40030874687500007 0.2747886 0.394202234375 0.28921393906250004 0.38567520312500003 0.2986128421875 0.3768731265625
1 0.361633128125 0.4188292578125 0.35998259374999997 0.40954678125 0.34342714375 0.40193308437499997 0.322848009375 0.4083843265625 0.28528981249999996 0.4298064375 0.2722098234375 0.44325160312499995 0.2688339234375 0.4522590359375 0.2761150796875 0.45613557031249996 0.2841312171875 0.4562015546875 0.3400200109375 0.43913637968749997 0.350589871875 0.4327585265625 0.361633128125 0.4188292578125
1 0.4579016125 0.3920486703125 0.46634754687499996 0.38393975937499997 0.46092872968750004 0.37805341875 0.4465408078125 0.3727942578125 0.4129626984375 0.37952795156249997 0.387058125 0.395749478125 0.3843736078125 0.40032288125 0.3871079046875 0.41078262499999996 0.4014086328125 0.41479483124999994 0.429312521875 0.4128436 0.449586471875 0.402028015625 0.4579016125 0.3920486703125
6 0.6156150046875 0.270125140625 0.6114045625 0.25287683125 0.610277203125 0.251076084375 0.603344828125 0.2521873703125 0.5789163984375 0.2751974625 0.5549177640625 0.2900326609375 0.4302218921875 0.411526959375 0.433909159375 0.4212935390625 0.4457371765625 0.418586865625 0.48346976562500005 0.3996586640625 0.536400090625 0.3546066875 0.5398195890624999 0.3462227328125 0.593310503125 0.2948662921875 0.6088134234375 0.273106859375 0.6156150046875 0.270125140625
1 0.6156150046875 0.270125140625 0.6133541 0.2521139796875 0.6101900078125 0.2498291296875 0.6022610640625 0.25101010156250003 0.5605047890625 0.2840032421875 0.540106228125 0.307358065625 0.539763628125 0.3167799140625 0.548907125 0.31864664375 0.5526754078125 0.315250509375 0.564073628125 0.3207187296875 0.58317661875 0.3074789203125 0.6156150046875 0.270125140625
1 0.6545680078125 0.368898525 0.6337647015625001 0.357822709375 0.595066778125 0.348624734375 0.5887821890625 0.3446785125 0.5705823875 0.342192009375 0.5428092906249999 0.346013671875 0.5356215125 0.35779376093750004 0.5391779859375 0.365689909375 0.5567300015625001 0.37323391875 0.6112858078125 0.3800699515625 0.6433503593750001 0.38033388437500004 0.6540074171875 0.3752029859375 0.6545680078125 0.368898525
1 0.5619493734375001 0.4192318828125 0.5594330656250001 0.41188952656250005 0.5361134515625 0.3934713546875 0.5024419640625 0.3845484234375 0.47879211406250005 0.404371440625 0.481308421875 0.4117137984375 0.49305542343750003 0.4221698390625 0.5096544703125 0.4304070125 0.527985065625 0.4347639484375 0.5439301453125001 0.43364896093749994 0.5566239359375 0.42900216718750006 0.5619493734375001 0.4192318828125
1 0.24533308437499998 0.617425709375 0.2455448921875 0.6061334265625 0.2334491078125 0.590689565625 0.195623140625 0.593961140625 0.18392591875 0.598538246875 0.1476694734375 0.6242550140625001 0.1360656265625 0.6444887453125 0.1289712234375 0.6719254609374999 0.1348322 0.698456246875 0.148790325 0.711890303125 0.1680302921875 0.714930596875 0.1889146125 0.712843696875 0.1956725953125 0.7092385015625 0.21651949843749999 0.72093779375 0.2357158671875 0.7233546093750001 0.244641378125 0.7221039515625 0.2629221921875 0.7114277390625 0.27734134843749997 0.6884910375 0.2778085625 0.6665299499999999 0.2691820546875 0.65773528125 0.26008215468749996 0.6564920296875 0.2557471015625 0.65178295625 0.2365507328125 0.649366140625 0.2312191125 0.6447267546875 0.229699371875 0.6373147109375 0.23866229843750003 0.622277859375 0.24533308437499998 0.617425709375
1 0.3453262515625 0.5866255109375 0.3440680984375 0.5829543328125 0.3357467765625 0.57852400625 0.3277306390625 0.5784580234375001 0.3172479703125 0.5860828312499999 0.3016080765625 0.5915621625 0.2755727109375 0.60591325625 0.2511380984375 0.614513678125 0.2323838890625 0.6327413078124999 0.2312627109375 0.64535023125 0.24569423124999998 0.65123286875 0.2667529421875 0.6516398796875 0.2899294 0.639368278125 0.32211237812500004 0.6126833046875 0.3453262515625 0.5866255109375
1 0.165787934375 0.7401484453125 0.1780831640625 0.7154806828125 0.14892111875 0.713760734375 0.130901890625 0.7281778125 0.1096811515625 0.7540962328124999 0.08157782031250001 0.7961590843749999 0.07582258593749999 0.8141042625000001 0.07576228593749999 0.8418844734375 0.070428496875 0.8658566015625 0.0744147671875 0.8655778546875 0.0904408609375 0.8513001515624999 0.10014494843749999 0.8468624171875 0.11673163281250001 0.8262802515625 0.135479659375 0.793642953125 0.1329633515625 0.786300596875 0.1360776640625 0.7735522984375 0.14971824375 0.7538026703125 0.165787934375 0.7401484453125
1 0.4710180421875 0.6655499500000001 0.4716658265625 0.66049244375 0.4378947796875 0.6215032171875 0.393553871875 0.5888918421875 0.3794213546875 0.572963878125 0.3723520046875 0.557795059375 0.3652888359375 0.5570359125000001 0.367630753125 0.561884359375 0.35329879218750004 0.586068015625 0.383731353125 0.6202784828125 0.4228714359375 0.650120903125 0.4395140796875 0.65898155625 0.4600558 0.6663165046875 0.4710180421875 0.6655499500000001
1 0.47869808437500005 0.5892032406250001 0.4687262296875 0.5754904390625 0.3983314078125 0.5140011484375 0.390402465625 0.5151821203125 0.3883283171875 0.528484209375 0.3989977390625 0.5521726515625 0.4127378765625 0.56248931875 0.45118039374999996 0.5823560984375 0.4649641296875 0.59329624375 0.4740640296875 0.5945394953124999 0.4789160734375 0.592320628125 0.47869808437500005 0.5892032406250001
1 0.18121569843750002 0.8462056078125 0.179515384375 0.821889984375 0.15437084375000001 0.7916954265625 0.13920434375 0.7896233406250001 0.1105404203125 0.8379906546875 0.1318669 0.8565482 0.14495306875 0.8575127046875 0.17073303125 0.853830415625 0.1785311796875 0.8507790109375 0.18121569843750002 0.8462056078125
1 0.208939015625 0.8273507984374999 0.2063729265625 0.8049752937499999 0.1960086890625 0.7856511937499999 0.17919165312500002 0.77429663125 0.15955312500000002 0.7512353703125 0.155479659375 0.7502671624999999 0.142486865625 0.7649592828125 0.1410169046875 0.7725803875 0.1793409921875 0.819396075 0.2022682265625 0.8322029484375 0.208939015625 0.8273507984374999
6 0.40814774531250003 0.46820483749999997 0.40579346406249994 0.43453705156250005 0.39218411875000003 0.4260908171875 0.3832586109375 0.42734147499999997 0.389979178125 0.43752247187500004 0.38733825781250003 0.44271935312500005 0.3937100421875 0.4479125296875 0.3871606125 0.48314271406250003 0.3738096015625 0.521354615625 0.378711425 0.534168896875 0.39144263125 0.5157359109375 0.3972476453125 0.5128238796875 0.40814774531250003 0.46820483749999997
6 0.3769242421875 0.40836210624999997 0.375578890625 0.403443971875 0.33566023125 0.3767886265625 0.29872509062499997 0.33551454999999997 0.268996275 0.32568939375 0.2698246328125 0.3375354671875 0.2909767203125 0.3535991015625 0.301558946875 0.3760405890625 0.34619885781250004 0.3986066359375 0.352745034375 0.40629372343750003 0.372072196875 0.410580971875 0.3769242421875 0.40836210624999997
6 0.26229392812499996 0.45898161875000004 0.25995201093750003 0.454133171875 0.24405052968750002 0.45587163750000004 0.21762896562499998 0.47902110468750003 0.2022070578125 0.4876178234375 0.0815784703125 0.595670659375 0.01010574375 0.6476579828125 0.01084690625 0.6582571015625 0.02358429375 0.6542337859375 0.03367458125 0.6409976796875 0.0456769890625 0.6407849156250001 0.053475137500000006 0.6377335125 0.0655585578125 0.6243580328125 0.07639000625 0.6217210453125 0.0857453140625 0.6122954921875 0.1087909765625 0.598153459375 0.12464886093750001 0.595791515625 0.13041027656249998 0.59225600625 0.2345706125 0.477836428125 0.26229392812499996 0.45898161875000004
6 0.2757848421875 0.49437676093749994 0.27599665 0.483084478125 0.2661181703125 0.4850283015625 0.2473639625 0.5032559296875 0.21290120781250002 0.5689449453125001 0.2105218734375 0.5778826921875 0.2136859671875 0.580167540625 0.22850368593749998 0.5772518078125 0.23422150468749997 0.573092821875 0.2584257625 0.5325556703125 0.2757848421875 0.49437676093749994
6 0.2596780609375 0.4215729671875 0.27188609375 0.39565825 0.26018887031250004 0.40023535781249997 0.21393551406250003 0.4548448546875 0.221478259375 0.4624622546875 0.2596780609375 0.4215729671875