3 0.9413009265625 0.3209895828125 0.1265509265625 0.3209895828125 0.1265509265625 0.697440971875 0.9413009265625 0.697440971875 0.9413009265625 0.3209895828125
1 0.5675925921875 0.53680555625 0.5879629625 0.5416666671875 0.6111111109375 0.51875 0.6425925921875 0.5041666671875 0.696296296875 0.4861111109375 0.784259259375 0.47361111093749997 0.8490740734375001 0.459027778125 0.8740740734375001 0.46666666718750005 0.9 0.48125 0.9018518515625 0.4701388890625 0.8953703703125001 0.4576388890625 0.884259259375 0.447222221875 0.8398148140625 0.43125 0.7787037031249999 0.42291666718750004 0.7166666671875 0.42569444375 0.6648148140625 0.4375 0.6175925921875 0.45347222187499997 0.6 0.4673611109375 0.5916666671875 0.46944444374999994 0.5796296296875 0.477777778125 0.577777778125 0.48333333281249996 0.5518518515624999 0.5013888890625 0.5555555562500001 0.50625 0.55 0.51805555625 0.5555555562500001 0.528472221875 0.5675925921875 0.53680555625
1 0.2203703703125 0.497222221875 0.24814814843750002 0.49444444374999996 0.28148148125 0.48680555625000005 0.3932098765625 0.4826388890625 0.44444444375 0.48680555625000005 0.49259259218749996 0.502777778125 0.522222221875 0.5166666671875 0.54351851875 0.515972221875 0.546296296875 0.51319444375 0.540740740625 0.49583333281249997 0.54351851875 0.49375 0.5166666671875 0.47361111093749997 0.4861111109375 0.4604166671875 0.471296296875 0.45 0.41203703750000004 0.4263888890625 0.33703703749999997 0.41180555625000004 0.272222221875 0.4138888890625 0.2203703703125 0.4270833328125 0.1833333328125 0.446527778125 0.1648148140625 0.459722221875 0.14351851875 0.4861111109375 0.1425925921875 0.5041666671875 0.1546296296875 0.5104166671875 0.17314814843749998 0.509027778125 0.2203703703125 0.497222221875
1 0.3351851859375 0.41111111093749997 0.378703703125 0.4173611109375 0.41944444374999995 0.4263888890625 0.42314814843750004 0.43055555625 0.44259259218749997 0.43680555625000006 0.45185185156249996 0.4361111109375 0.4546296296875 0.44236111093749997 0.465740740625 0.44375 0.46666666718750005 0.4388888890625 0.45 0.415972221875 0.43981481406249995 0.4076388890625 0.41851851875 0.4048611109375 0.41203703750000004 0.39930555624999997 0.4 0.39791666718749996 0.384259259375 0.3895833328125 0.38148148125 0.3854166671875 0.384259259375 0.37986111093749997 0.3953703703125 0.375 0.415740740625 0.3729166671875 0.371296296875 0.35555555625 0.34722222187499996 0.34930555625 0.302777778125 0.3423611109375 0.25648148125 0.34444444375 0.221296296875 0.35625 0.2046296296875 0.37013888906250003 0.19444444375 0.384722221875 0.19351851874999998 0.39444444375 0.2 0.40069444374999996 0.26574074062499997 0.4125 0.3351851859375 0.41111111093749997
1 0.55648148125 0.459722221875 0.575 0.4458333328125 0.5759259265625001 0.43819444374999994 0.5518518515624999 0.4 0.5203703703125 0.3763888890625 0.503703703125 0.37152777812500004 0.477777778125 0.37152777812500004 0.46851851875 0.375 0.45555555625000005 0.3854166671875 0.4546296296875 0.39027777812500003 0.503703703125 0.41805555625 0.5527777781250001 0.4583333328125 0.55648148125 0.459722221875
1 0.5759259265625001 0.4451388890625 0.56851851875 0.4236111109375 0.5518518515624999 0.4 0.5203703703125 0.3763888890625 0.5046296296875 0.37152777812500004 0.478703703125 0.37152777812500004 0.4675925921875 0.37569444375 0.45555555625000005 0.3854166671875 0.4546296296875 0.39027777812500003 0.521296296875 0.4298611109375 0.5555555562500001 0.4604166671875 0.5759259265625001 0.4451388890625
1 0.7333333328125 0.39375 0.7638888890625 0.39027777812500003 0.8018518515625 0.39305555625 0.8129629625 0.3875 0.840740740625 0.3916666671875 0.8648148140625 0.40208333281249997 0.8731481484374999 0.396527778125 0.8740740734375001 0.36875 0.8648148140625 0.35555555625 0.840740740625 0.3395833328125 0.8259259265625 0.3361111109375 0.8083333328125001 0.33680555624999997 0.7870370375 0.3416666671875 0.75648148125 0.353472221875 0.6574074078125001 0.40694444374999994 0.6564814812499999 0.415972221875 0.659259259375 0.4166666671875 0.6768518515624999 0.409027778125 0.7333333328125 0.39375
1 0.715740740625 0.4263888890625 0.7805555562500001 0.42222222187499997 0.79444444375 0.409027778125 0.7990740734374999 0.4 0.79444444375 0.3951388890625 0.7740740734375 0.39097222187499997 0.7268518515625 0.3958333328125 0.6888888890625 0.40694444374999994 0.6564814812499999 0.4201388890625 0.64351851875 0.42222222187499997 0.61851851875 0.43680555625000006 0.6101851859375 0.43402777812500004 0.60555555625 0.44444444375 0.5953703703125 0.4479166671875 0.5870370375 0.47291666718750003 0.61851851875 0.4548611109375 0.6833333328125 0.43194444374999996 0.715740740625 0.4263888890625
5 0.4481481484375 0.57569444375 0.447222221875 0.5840277781250001 0.4583333328125 0.5951388890625 0.497222221875 0.621527778125 0.5074074078125 0.6451388890625 0.521296296875 0.6520833328125 0.54444444375 0.6361111109375 0.58148148125 0.6 0.5870370375 0.5833333328125 0.6 0.5729166671875 0.5990740734375 0.5520833328125 0.590740740625 0.5458333328125 0.55648148125 0.53125 0.5481481484375 0.5201388890625 0.5333333328125 0.5263888890625 0.522222221875 0.5270833328125 0.5129629625 0.515277778125 0.4981481484375 0.51319444375 0.49629629687500004 0.525 0.475 0.5486111109375 0.46851851875 0.546527778125 0.465740740625 0.540277778125 0.43518518593750005 0.527777778125 0.4361111109375 0.53680555625 0.46388888906250003 0.559027778125 0.4583333328125 0.571527778125 0.4481481484375 0.57569444375
1 0.4824074078125 0.547222221875 0.4824074078125 0.55 0.490740740625 0.5479166671875 0.4824074078125 0.547222221875
1 0.4953703703125 0.509027778125 0.49351851875 0.5263888890625 0.502777778125 0.5208333328125 0.5 0.5097222218749999 0.4953703703125 0.509027778125
5 0.5268518515625 0.6763888890625 0.5398148140625 0.6868055562500001 0.540740740625 0.69305555625 0.5648148140625 0.6854166671875 0.5722222218749999 0.672222221875 0.5879629625 0.66180555625 0.5833333328125 0.6541666671875 0.5833333328125 0.64375 0.5888888890625 0.6291666671875 0.5990740734375 0.6263888890625 0.6046296296875 0.6180555562500001 0.6148148140624999 0.61875 0.66851851875 0.5951388890625 0.6611111109375 0.590277778125 0.64351851875 0.5875 0.61851851875 0.597222221875 0.5944444437499999 0.6125 0.5870370375 0.6104166671875 0.5870370375 0.6208333328125 0.540740740625 0.6638888890625 0.51944444375 0.675 0.502777778125 0.6736111109375 0.49444444374999996 0.68125 0.49351851875 0.6854166671875 0.4981481484375 0.6854166671875 0.509259259375 0.6791666671875001 0.5268518515625 0.6763888890625