3 1 0.0025 0.0216258171875 0.0025 0.0216258171875 1 1 1 1 0.0025
4 0.7894281046875 0.2420343140625 0.145016340625 0.2420343140625 0.145016340625 0.952818628125 0.7894281046875 0.952818628125 0.7894281046875 0.2420343140625
5 0.5640625 0.609375 0.5625 0.6109375 0.559375 0.6109375 0.55625 0.6140625 0.5546875 0.6140625 0.55625 0.615625 0.5640625 0.615625 0.565625 0.6171875 0.5671875 0.6171875 0.571875 0.621875 0.571875 0.6234375 0.5734375 0.625 0.5734375 0.6265625 0.575 0.628125 0.575 0.646875 0.5734375 0.6484375 0.5734375 0.6515625 0.5703125 0.6546875 0.5703125 0.65625 0.56875 0.6578125 0.56875 0.659375 0.5671875 0.6609375 0.5671875 0.6625 0.5640625 0.665625 0.5640625 0.6671875 0.5625 0.66875 0.5625 0.671875 0.5609375 0.6734375 0.5609375 0.675 0.55625 0.6796875 0.55625 0.68125 0.55 0.6875 0.55 0.6890625 0.5421875 0.696875 0.5421875 0.6984375 0.540625 0.7 0.5390625 0.7 0.5375 0.7015625 0.5375 0.703125 0.5359375 0.7046875 0.5359375 0.70625 0.53125 0.7109375 0.53125 0.7125 0.5296875 0.7140625 0.5296875 0.715625 0.5234375 0.721875 0.5234375 0.7234375 0.521875 0.725 0.5203125 0.725 0.51875 0.7265625 0.515625 0.7265625 0.5140625 0.728125 0.5140625 0.7359375 0.528125 0.7359375 0.5296875 0.734375 0.5328125 0.734375 0.534375 0.7328125 0.5359375 0.7328125 0.5375 0.73125 0.540625 0.73125 0.5421875 0.7296875 0.5453125 0.7296875 0.546875 0.728125 0.5484375 0.728125 0.553125 0.7234375 0.5546875 0.7234375 0.5671875 0.7109375 0.5671875 0.709375 0.56875 0.7078125 0.56875 0.70625 0.571875 0.703125 0.571875 0.7 0.5734375 0.6984375 0.5734375 0.6953125 0.575 0.69375 0.575 0.6921875 0.5765625 0.690625 0.5765625 0.6890625 0.5796875 0.6859375 0.5796875 0.684375 0.58125 0.6828125 0.58125 0.6796875 0.5828125 0.678125 0.5828125 0.6765625 0.584375 0.675 0.584375 0.6734375 0.5859375 0.671875 0.5859375 0.66875 0.5875 0.6671875 0.5875 0.6640625 0.590625 0.6609375 0.590625 0.659375 0.5921875 0.6578125 0.5921875 0.6546875 0.59375 0.653125 0.59375 0.6515625 0.603125 0.6421875 0.603125 0.640625 0.6046875 0.6390625 0.6046875 0.6375 0.60625 0.6359375 0.60625 0.6203125 0.6078125 0.61875 0.6078125 0.6171875 0.609375 0.615625 0.609375 0.6125 0.6078125 0.6109375 0.6078125 0.609375 0.603125 0.6046875 0.6015625 0.6046875 0.596875 0.609375 0.5953125 0.609375 0.5921875 0.60625 0.5890625 0.60625 0.5875 0.6046875 0.575 0.6046875 0.5734375 0.60625 0.5734375 0.6078125 0.571875 0.609375 0.5640625 0.609375
1 0.215686275 0.3799019609375 0.2189542484375 0.40196078437500005 0.2467320265625 0.4166666671875 0.2516339875 0.43382352968750004 0.4509803921875 0.598039215625 0.46568627500000004 0.5955882359375 0.4673202609375 0.5735294125 0.4526143796875 0.534313725 0.4526143796875 0.5171568625 0.428104575 0.49754902031250003 0.3709150328125 0.419117646875 0.2271241828125 0.30882352968750004 0.08333333281250001 0.1642156859375 0.062091503125 0.15931372500000002 0.034313725 0.171568628125 0.0359477125 0.186274509375 0.1045751640625 0.2475490203125 0.19607843125 0.37254902031250003 0.215686275 0.3799019609375
1 0.2565359484375 0.2450980390625 0.312091503125 0.2818627453125 0.3431372546875 0.3186274515625 0.43464052343750004 0.46568627500000004 0.4526143796875 0.5024509796875 0.4673202609375 0.5588235296875 0.5147058828125 0.544117646875 0.5 0.4509803921875 0.4705882359375 0.365196078125 0.44117647031249996 0.32107843125 0.3594771234375 0.23039215624999998 0.295751634375 0.186274509375 0.2516339875 0.1813725484375 0.20751634062500002 0.19607843125 0.1830065359375 0.23284313750000002 0.1764705875 0.259803921875 0.1830065359375 0.27450980468749997 0.22834967343749998 0.2450980390625 0.2565359484375 0.2450980390625
1 0.5473856203125 0.561274509375 0.722222221875 0.43382352968750004 0.7810457515625 0.3700980390625 0.9918300656250001 0.0049019609375 0.90849673125 0.0024509796875 0.62418300625 0.3014705875 0.51633986875 0.453431371875 0.5065359484374999 0.4705882359375 0.508169934375 0.5171568625 0.5310457515625 0.5588235296875 0.5473856203125 0.561274509375
1 0.310457515625 0.5514705875 0.33169934687499997 0.5661764703125 0.421568628125 0.5686274515624999 0.2930964046875 0.327818628125 0.2134395421875 0.254289215625 0.1654411765625 0.249693628125 0.19771241875 0.3700980390625 0.1928104578125 0.367647059375 0.19607843125 0.382352940625 0.2189542484375 0.42892156875 0.310457515625 0.5514705875
1 0.5767973859375 0.5735294125 0.6111111109375 0.5857843140625 0.6928104578125 0.651960784375 0.8839869281249999 0.7181372546875 0.9983660125 0.7352941171875 0.9983660125 0.4828431375 0.9444444437499999 0.4705882359375 0.8366013078125001 0.4681372546875 0.687908496875 0.47303921562499995 0.6633986921874999 0.4852941171875 0.616830065625 0.5131740203125 0.5075571890624999 0.5958946078125 0.5453431375 0.608149509375 0.5767973859375 0.5735294125
1 0.2826797390625 0.875 0.312091503125 0.8088235296875 0.366013071875 0.715686275 0.43464052343750004 0.6274509796875 0.4264705875 0.60539215625 0.42973856250000003 0.5955882359375 0.41339869218749997 0.578431371875 0.3513071890625 0.5686274515624999 0.2794117640625 0.590686275 0.23366013125 0.6225490203125 0.18954248437500001 0.6911764703125 0.14215686249999998 0.7990196078125 0.080065359375 0.9681372546875 0.078431371875 0.9975490203125 0.1764705875 0.9975490203125 0.223856209375 0.953431371875 0.2826797390625 0.875
5 0.7549019609375 0.5220588234375 0.758169934375 0.5024509796875 0.740196078125 0.49509803906250005 0.6454248359375 0.5 0.5866013078125001 0.53676470625 0.5702614374999999 0.55392156875 0.616013071875 0.5514705875 0.653594771875 0.526960784375 0.7549019609375 0.5220588234375
5 0.4689542484375 0.7475490203125 0.439542484375 0.715686275 0.44117647031249996 0.686274509375 0.43464052343750004 0.6813725484375001 0.421568628125 0.7009803921875 0.419934640625 0.7205882359375 0.43137254843750006 0.7475490203125 0.454248365625 0.7549019609375 0.4689542484375 0.7475490203125
5 0.49509803906250005 0.7328431375 0.4983660125 0.67892156875 0.491830065625 0.6495098046875001 0.4852941171875 0.6372549015625 0.4787581703125 0.6397058828125 0.47385620937499995 0.6470588234375 0.47385620937499995 0.7426470593750001 0.4852941171875 0.7475490203125 0.49509803906250005 0.7328431375